EUCD	YYYY-MM-DD	Djup(m)	Salt (psu o/oo)	O2 (ml/l)	PO4 (µmol/l)	TotP (µmol/l)	NO3 (µmol/l)	NH4 (µmol/l)	TotN (µmol/l)	Chla (ug/l)	Siktdjup (m)
SE729849-180191	1985-01-01	0.00	3.000	8.071	0.500	0.619	3.009	0.100	18.404	0.290	6.8
SE729849-180191	1985-01-01	0.25	3.000	8.071	0.500	0.619	3.009	0.100	18.404	0.290	6.8
SE729849-180191	1985-01-01	0.75	3.000	8.065	0.500	0.621	3.009	0.100	18.432	0.295	6.8
SE729849-180191	1985-01-01	1.25	3.000	8.062	0.500	0.621	3.009	0.100	18.432	0.295	6.8
SE729849-180191	1985-01-01	1.75	3.000	8.060	0.500	0.621	3.009	0.100	18.432	0.295	6.8
SE729849-180191	1985-01-01	2.25	3.000	8.058	0.500	0.621	3.009	0.100	18.432	0.295	6.8
SE729849-180191	1985-01-01	2.75	3.000	8.057	0.500	0.621	3.009	0.100	18.432	0.295	6.8
SE729849-180191	1985-01-01	3.25	3.000	8.056	0.500	0.621	3.009	0.100	18.433	0.295	6.8
SE729849-180191	1985-01-01	3.75	3.000	8.055	0.500	0.621	3.009	0.100	18.433	0.295	6.8
SE729849-180191	1985-01-01	4.50	3.000	8.053	0.500	0.621	3.009	0.100	18.433	0.295	6.8
SE729849-180191	1985-01-01	5.50	3.000	8.052	0.500	0.621	3.010	0.100	18.434	0.295	6.8
SE729849-180191	1985-01-01	6.50	3.000	8.050	0.500	0.621	3.010	0.100	18.434	0.295	6.8
SE729849-180191	1985-01-01	7.50	3.000	8.049	0.500	0.621	3.011	0.100	18.435	0.295	6.8
SE729849-180191	1985-01-01	8.50	3.000	8.047	0.501	0.621	3.011	0.100	18.435	0.295	6.8
SE729849-180191	1985-01-01	9.50	3.000	8.046	0.501	0.621	3.011	0.100	18.436	0.295	6.8
SE729849-180191	1985-01-01	19.50	3.000	7.976	0.503	0.623	3.069	0.100	18.489	0.296	6.8
SE729849-180191	1985-01-01	20.00	3.000	7.976	0.503	0.623	3.069	0.100	18.489	0.296	6.8
SE729849-180191	1985-01-02	0.00	3.000	8.259	0.502	0.619	3.039	0.100	18.411	0.274	6.9
SE729849-180191	1985-01-02	0.25	3.000	8.259	0.502	0.619	3.039	0.100	18.411	0.274	6.9
SE729849-180191	1985-01-02	0.75	3.000	8.255	0.502	0.620	3.039	0.100	18.434	0.279	6.9
SE729849-180191	1985-01-02	1.25	3.000	8.253	0.502	0.620	3.039	0.100	18.434	0.279	6.9
SE729849-180191	1985-01-02	1.75	3.000	8.251	0.502	0.620	3.039	0.100	18.434	0.279	6.9
SE729849-180191	1985-01-02	2.25	3.000	8.250	0.502	0.620	3.039	0.100	18.435	0.279	6.9
SE729849-180191	1985-01-02	2.75	3.000	8.249	0.502	0.620	3.039	0.100	18.435	0.279	6.9
SE729849-180191	1985-01-02	3.25	3.000	8.248	0.502	0.620	3.039	0.100	18.435	0.279	6.9
SE729849-180191	1985-01-02	3.75	3.000	8.247	0.502	0.620	3.040	0.100	18.435	0.279	6.9
SE729849-180191	1985-01-02	4.50	3.000	8.246	0.502	0.620	3.040	0.100	18.435	0.279	6.9
SE729849-180191	1985-01-02	5.50	3.000	8.245	0.502	0.620	3.040	0.100	18.436	0.279	6.9
SE729849-180191	1985-01-02	6.50	3.000	8.244	0.502	0.620	3.040	0.100	18.436	0.279	6.9
SE729849-180191	1985-01-02	7.50	3.000	8.243	0.502	0.620	3.041	0.100	18.437	0.279	6.9
SE729849-180191	1985-01-02	8.50	3.000	8.242	0.502	0.620	3.041	0.100	18.437	0.279	6.9
SE729849-180191	1985-01-02	9.50	3.000	8.242	0.502	0.620	3.041	0.100	18.437	0.279	6.9
SE729849-180191	1985-01-02	19.50	3.000	8.232	0.502	0.621	3.053	0.100	18.446	0.279	6.9
SE729849-180191	1985-01-02	20.00	3.000	8.232	0.502	0.621	3.053	0.100	18.446	0.279	6.9
SE729849-180191	1985-01-03	0.00	2.997	8.639	0.503	0.618	3.074	0.101	18.405	0.254	6.9
SE729849-180191	1985-01-03	0.25	2.997	8.639	0.503	0.618	3.074	0.101	18.405	0.254	6.9
SE729849-180191	1985-01-03	0.75	2.997	8.634	0.503	0.619	3.074	0.101	18.425	0.258	6.9
SE729849-180191	1985-01-03	1.25	2.997	8.632	0.503	0.619	3.073	0.101	18.425	0.258	6.9
SE729849-180191	1985-01-03	1.75	2.997	8.630	0.503	0.619	3.073	0.101	18.425	0.258	6.9
SE729849-180191	1985-01-03	2.25	2.997	8.628	0.503	0.619	3.074	0.101	18.425	0.258	6.9
SE729849-180191	1985-01-03	2.75	2.997	8.627	0.503	0.619	3.074	0.101	18.425	0.258	6.9
SE729849-180191	1985-01-03	3.25	2.997	8.626	0.503	0.619	3.074	0.101	18.425	0.259	6.9
SE729849-180191	1985-01-03	3.75	2.997	8.625	0.503	0.619	3.074	0.101	18.425	0.259	6.9
SE729849-180191	1985-01-03	4.50	2.997	8.624	0.503	0.619	3.074	0.101	18.425	0.259	6.9
SE729849-180191	1985-01-03	5.50	2.997	8.623	0.503	0.619	3.074	0.101	18.426	0.259	6.9
SE729849-180191	1985-01-03	6.50	2.997	8.622	0.503	0.619	3.074	0.101	18.426	0.259	6.9
SE729849-180191	1985-01-03	7.50	2.997	8.621	0.503	0.619	3.075	0.101	18.426	0.259	6.9
SE729849-180191	1985-01-03	8.50	2.997	8.620	0.503	0.619	3.075	0.101	18.426	0.259	6.9
SE729849-180191	1985-01-03	9.50	2.997	8.620	0.503	0.619	3.075	0.101	18.426	0.259	6.9
SE729849-180191	1985-01-03	19.50	2.999	8.593	0.503	0.620	3.073	0.100	18.437	0.261	6.9
SE729849-180191	1985-01-03	20.00	2.999	8.593	0.503	0.620	3.073	0.100	18.437	0.261	6.9
SE729849-180191	1985-01-04	0.00	2.996	8.645	0.504	0.616	3.098	0.103	18.391	0.230	7.0
SE729849-180191	1985-01-04	0.25	2.996	8.645	0.504	0.616	3.098	0.103	18.391	0.230	7.0
SE729849-180191	1985-01-04	0.75	2.996	8.645	0.504	0.617	3.098	0.103	18.403	0.234	7.0
SE729849-180191	1985-01-04	1.25	2.996	8.645	0.504	0.617	3.098	0.102	18.403	0.234	7.0
SE729849-180191	1985-01-04	1.75	2.996	8.645	0.504	0.617	3.098	0.102	18.404	0.235	7.0
SE729849-180191	1985-01-04	2.25	2.996	8.645	0.504	0.617	3.098	0.102	18.405	0.235	7.0
SE729849-180191	1985-01-04	2.75	2.996	8.644	0.504	0.618	3.098	0.102	18.408	0.236	7.0
SE729849-180191	1985-01-04	3.25	2.997	8.643	0.504	0.618	3.099	0.102	18.415	0.239	7.0
SE729849-180191	1985-01-04	3.75	2.997	8.642	0.504	0.619	3.100	0.101	18.423	0.240	7.0
SE729849-180191	1985-01-04	4.50	2.997	8.641	0.504	0.619	3.102	0.101	18.432	0.242	7.0
SE729849-180191	1985-01-04	5.50	2.997	8.639	0.504	0.620	3.105	0.101	18.441	0.243	7.0
SE729849-180191	1985-01-04	6.50	2.997	8.637	0.505	0.620	3.109	0.101	18.449	0.244	7.0
SE729849-180191	1985-01-04	7.50	2.997	8.635	0.505	0.621	3.113	0.101	18.455	0.244	7.0
SE729849-180191	1985-01-04	8.50	2.997	8.634	0.505	0.621	3.116	0.101	18.460	0.244	7.0
SE729849-180191	1985-01-04	9.50	2.997	8.632	0.505	0.621	3.120	0.101	18.465	0.244	7.0
SE729849-180191	1985-01-04	19.50	2.999	8.558	0.511	0.626	3.242	0.101	18.584	0.247	7.0
SE729849-180191	1985-01-04	20.00	2.999	8.558	0.511	0.626	3.242	0.101	18.584	0.247	7.0
SE729849-180191	1985-01-05	0.00	2.995	8.637	0.505	0.616	3.122	0.104	18.394	0.211	7.1
SE729849-180191	1985-01-05	0.25	2.995	8.637	0.505	0.616	3.122	0.104	18.394	0.211	7.1
SE729849-180191	1985-01-05	0.75	2.995	8.637	0.505	0.616	3.122	0.104	18.402	0.214	7.1
SE729849-180191	1985-01-05	1.25	2.995	8.637	0.505	0.616	3.122	0.104	18.402	0.214	7.1
SE729849-180191	1985-01-05	1.75	2.995	8.637	0.505	0.616	3.122	0.104	18.403	0.215	7.1
SE729849-180191	1985-01-05	2.25	2.995	8.637	0.505	0.617	3.122	0.104	18.404	0.215	7.1
SE729849-180191	1985-01-05	2.75	2.995	8.637	0.505	0.617	3.122	0.103	18.406	0.217	7.1
SE729849-180191	1985-01-05	3.25	2.996	8.635	0.505	0.617	3.124	0.103	18.413	0.219	7.1
SE729849-180191	1985-01-05	3.75	2.996	8.633	0.505	0.618	3.128	0.102	18.422	0.222	7.1
SE729849-180191	1985-01-05	4.50	2.997	8.631	0.506	0.619	3.131	0.101	18.434	0.225	7.1
SE729849-180191	1985-01-05	5.50	2.997	8.627	0.506	0.620	3.138	0.101	18.450	0.228	7.1
SE729849-180191	1985-01-05	6.50	2.997	8.624	0.506	0.621	3.146	0.101	18.466	0.230	7.1
SE729849-180191	1985-01-05	7.50	2.997	8.622	0.507	0.621	3.154	0.101	18.481	0.231	7.1
SE729849-180191	1985-01-05	8.50	2.997	8.619	0.507	0.622	3.162	0.100	18.494	0.231	7.1
SE729849-180191	1985-01-05	9.50	2.998	8.618	0.507	0.623	3.170	0.100	18.506	0.232	7.1
SE729849-180191	1985-01-05	19.50	3.000	8.608	0.507	0.623	3.163	0.100	18.509	0.235	7.1
SE729849-180191	1985-01-05	20.00	3.000	8.608	0.507	0.623	3.163	0.100	18.509	0.235	7.1
SE729849-180191	1985-01-06	0.00	2.994	8.629	0.506	0.616	3.150	0.105	18.409	0.195	7.1
SE729849-180191	1985-01-06	0.25	2.994	8.629	0.506	0.616	3.150	0.105	18.409	0.195	7.1
SE729849-180191	1985-01-06	0.75	2.993	8.629	0.506	0.616	3.150	0.105	18.416	0.197	7.1
SE729849-180191	1985-01-06	1.25	2.994	8.629	0.506	0.616	3.150	0.105	18.415	0.198	7.1
SE729849-180191	1985-01-06	1.75	2.994	8.629	0.506	0.616	3.150	0.105	18.416	0.198	7.1
SE729849-180191	1985-01-06	2.25	2.994	8.628	0.506	0.616	3.150	0.105	18.417	0.199	7.1
SE729849-180191	1985-01-06	2.75	2.994	8.628	0.506	0.617	3.151	0.104	18.419	0.200	7.1
SE729849-180191	1985-01-06	3.25	2.995	8.626	0.506	0.617	3.154	0.103	18.426	0.203	7.1
SE729849-180191	1985-01-06	3.75	2.995	8.623	0.507	0.618	3.159	0.103	18.435	0.206	7.1
SE729849-180191	1985-01-06	4.50	2.996	8.620	0.507	0.619	3.165	0.102	18.448	0.210	7.1
SE729849-180191	1985-01-06	5.50	2.997	8.616	0.508	0.620	3.174	0.101	18.466	0.213	7.1
SE729849-180191	1985-01-06	6.50	2.997	8.612	0.508	0.621	3.185	0.101	18.485	0.216	7.1
SE729849-180191	1985-01-06	7.50	2.997	8.608	0.509	0.622	3.196	0.101	18.504	0.217	7.1
SE729849-180191	1985-01-06	8.50	2.998	8.605	0.509	0.623	3.207	0.100	18.521	0.218	7.1
SE729849-180191	1985-01-06	9.50	2.998	8.603	0.510	0.624	3.216	0.100	18.536	0.219	7.1
SE729849-180191	1985-01-06	19.50	3.000	8.581	0.509	0.623	3.204	0.100	18.534	0.223	7.1
SE729849-180191	1985-01-06	20.00	3.000	8.581	0.509	0.623	3.204	0.100	18.534	0.223	7.1
SE729849-180191	1985-01-07	0.00	2.992	8.620	0.507	0.616	3.181	0.107	18.431	0.180	7.1
SE729849-180191	1985-01-07	0.25	2.992	8.620	0.507	0.616	3.181	0.107	18.431	0.180	7.1
SE729849-180191	1985-01-07	0.75	2.992	8.620	0.507	0.616	3.181	0.107	18.436	0.182	7.1
SE729849-180191	1985-01-07	1.25	2.992	8.619	0.507	0.616	3.181	0.107	18.436	0.183	7.1
SE729849-180191	1985-01-07	1.75	2.992	8.619	0.507	0.616	3.181	0.106	18.436	0.183	7.1
SE729849-180191	1985-01-07	2.25	2.992	8.619	0.507	0.617	3.181	0.106	18.437	0.184	7.1
SE729849-180191	1985-01-07	2.75	2.993	8.618	0.508	0.617	3.182	0.105	18.439	0.186	7.1
SE729849-180191	1985-01-07	3.25	2.994	8.615	0.508	0.618	3.187	0.104	18.446	0.189	7.1
SE729849-180191	1985-01-07	3.75	2.995	8.612	0.508	0.618	3.192	0.103	18.455	0.192	7.1
SE729849-180191	1985-01-07	4.50	2.995	8.609	0.509	0.619	3.200	0.102	18.468	0.196	7.1
SE729849-180191	1985-01-07	5.50	2.996	8.604	0.509	0.620	3.211	0.101	18.486	0.199	7.1
SE729849-180191	1985-01-07	6.50	2.997	8.599	0.510	0.622	3.224	0.101	18.506	0.202	7.1
SE729849-180191	1985-01-07	7.50	2.997	8.595	0.510	0.623	3.236	0.101	18.526	0.204	7.1
SE729849-180191	1985-01-07	8.50	2.998	8.591	0.511	0.624	3.248	0.100	18.544	0.205	7.1
SE729849-180191	1985-01-07	9.50	2.998	8.589	0.511	0.625	3.258	0.100	18.561	0.206	7.1
SE729849-180191	1985-01-07	19.50	3.001	8.558	0.510	0.623	3.247	0.100	18.553	0.212	7.1
SE729849-180191	1985-01-07	20.00	3.001	8.558	0.510	0.623	3.247	0.100	18.553	0.212	7.1
SE729849-180191	1985-01-08	0.00	2.988	8.611	0.508	0.616	3.214	0.109	18.454	0.166	7.1
SE729849-180191	1985-01-08	0.25	2.988	8.611	0.508	0.616	3.214	0.109	18.454	0.166	7.1
SE729849-180191	1985-01-08	0.75	2.988	8.611	0.508	0.616	3.214	0.109	18.458	0.168	7.1
SE729849-180191	1985-01-08	1.25	2.988	8.611	0.508	0.616	3.213	0.109	18.458	0.168	7.1
SE729849-180191	1985-01-08	1.75	2.989	8.610	0.508	0.616	3.213	0.109	18.458	0.169	7.1
SE729849-180191	1985-01-08	2.25	2.989	8.610	0.508	0.617	3.214	0.108	18.459	0.170	7.1
SE729849-180191	1985-01-08	2.75	2.991	8.607	0.509	0.617	3.217	0.106	18.464	0.174	7.1
SE729849-180191	1985-01-08	3.25	2.993	8.604	0.509	0.618	3.222	0.105	18.471	0.177	7.1
SE729849-180191	1985-01-08	3.75	2.994	8.601	0.510	0.619	3.228	0.104	18.480	0.180	7.1
SE729849-180191	1985-01-08	4.50	2.995	8.597	0.510	0.620	3.235	0.103	18.492	0.183	7.1
SE729849-180191	1985-01-08	5.50	2.996	8.591	0.511	0.621	3.248	0.102	18.510	0.187	7.1
SE729849-180191	1985-01-08	6.50	2.997	8.586	0.511	0.622	3.262	0.101	18.530	0.189	7.1
SE729849-180191	1985-01-08	7.50	2.997	8.581	0.512	0.623	3.276	0.101	18.550	0.192	7.1
SE729849-180191	1985-01-08	8.50	2.998	8.577	0.513	0.624	3.287	0.100	18.567	0.193	7.1
SE729849-180191	1985-01-08	9.50	2.998	8.573	0.513	0.625	3.298	0.100	18.583	0.194	7.1
SE729849-180191	1985-01-08	19.50	3.002	8.536	0.510	0.622	3.288	0.099	18.564	0.202	7.1
SE729849-180191	1985-01-08	20.00	3.002	8.536	0.510	0.622	3.288	0.099	18.564	0.202	7.1
