EUCD	YYYY-MM-DD	Djup(m)	Salt (psu o/oo)	O2 (ml/l)	PO4 (µmol/l)	TotP (µmol/l)	NO3 (µmol/l)	NH4 (µmol/l)	TotN (µmol/l)	Chla (ug/l)	Siktdjup (m)
SE605630-179220	1985-01-01	0.00	4.000	8.022	0.501	0.619	3.021	0.103	18.413	0.288	6.9
SE605630-179220	1985-01-01	0.25	4.000	8.022	0.501	0.619	3.021	0.103	18.413	0.288	6.9
SE605630-179220	1985-01-01	0.75	4.000	8.020	0.501	0.621	3.022	0.103	18.440	0.293	6.9
SE605630-179220	1985-01-01	1.25	4.000	8.019	0.501	0.621	3.022	0.102	18.440	0.293	6.9
SE605630-179220	1985-01-01	1.75	4.000	8.018	0.501	0.621	3.023	0.102	18.441	0.293	6.9
SE605630-179220	1985-01-01	2.25	4.000	8.017	0.501	0.621	3.023	0.102	18.442	0.293	6.9
SE605630-179220	1985-01-01	2.75	4.000	8.016	0.501	0.621	3.024	0.102	18.442	0.293	6.9
SE605630-179220	1985-01-01	3.25	4.000	8.015	0.501	0.621	3.024	0.102	18.442	0.293	6.9
SE605630-179220	1985-01-01	3.75	4.000	8.015	0.501	0.621	3.025	0.102	18.443	0.293	6.9
SE605630-179220	1985-01-01	4.50	4.000	8.015	0.501	0.621	3.022	0.102	18.440	0.293	6.9
SE605630-179220	1985-01-01	5.50	4.000	8.014	0.501	0.621	3.022	0.102	18.441	0.293	6.9
SE605630-179220	1985-01-01	6.50	4.000	8.012	0.501	0.621	3.027	0.102	18.446	0.293	6.9
SE605630-179220	1985-01-01	7.50	4.000	8.009	0.501	0.621	3.033	0.102	18.451	0.293	6.9
SE605630-179220	1985-01-01	8.50	4.000	8.008	0.501	0.621	3.034	0.102	18.448	0.293	6.9
SE605630-179220	1985-01-01	9.00	4.000	8.008	0.501	0.621	3.034	0.102	18.448	0.293	6.9
SE605630-179220	1985-01-02	0.00	4.000	8.228	0.503	0.619	3.087	0.110	18.449	0.275	6.9
SE605630-179220	1985-01-02	0.25	4.000	8.228	0.503	0.619	3.087	0.110	18.449	0.275	6.9
SE605630-179220	1985-01-02	0.75	4.000	8.224	0.503	0.620	3.087	0.110	18.468	0.279	6.9
SE605630-179220	1985-01-02	1.25	4.000	8.222	0.503	0.620	3.087	0.110	18.468	0.279	6.9
SE605630-179220	1985-01-02	1.75	4.000	8.221	0.503	0.620	3.088	0.110	18.469	0.279	6.9
SE605630-179220	1985-01-02	2.25	4.000	8.219	0.503	0.620	3.089	0.110	18.469	0.279	6.9
SE605630-179220	1985-01-02	2.75	4.000	8.219	0.503	0.620	3.089	0.110	18.470	0.279	6.9
SE605630-179220	1985-01-02	3.25	4.000	8.218	0.503	0.620	3.089	0.110	18.470	0.279	6.9
SE605630-179220	1985-01-02	3.75	4.000	8.217	0.503	0.620	3.090	0.110	18.470	0.279	6.9
SE605630-179220	1985-01-02	4.50	4.000	8.216	0.503	0.620	3.087	0.110	18.468	0.279	6.9
SE605630-179220	1985-01-02	5.50	4.000	8.215	0.503	0.620	3.088	0.110	18.468	0.279	6.9
SE605630-179220	1985-01-02	6.50	4.000	8.213	0.504	0.621	3.092	0.110	18.473	0.279	6.9
SE605630-179220	1985-01-02	7.50	4.000	8.210	0.504	0.621	3.097	0.110	18.478	0.279	6.9
SE605630-179220	1985-01-02	8.50	4.000	8.209	0.504	0.621	3.098	0.110	18.476	0.280	6.9
SE605630-179220	1985-01-02	9.00	4.000	8.209	0.504	0.621	3.098	0.110	18.476	0.280	6.9
SE605630-179220	1985-01-03	0.00	3.448	9.057	0.449	0.574	4.145	0.328	20.021	0.250	6.1
SE605630-179220	1985-01-03	0.25	3.448	9.057	0.449	0.574	4.145	0.328	20.021	0.250	6.1
SE605630-179220	1985-01-03	0.75	3.449	9.052	0.449	0.582	4.146	0.328	20.153	0.254	6.1
SE605630-179220	1985-01-03	1.25	3.453	9.048	0.449	0.582	4.142	0.326	20.144	0.254	6.1
SE605630-179220	1985-01-03	1.75	3.457	9.044	0.450	0.583	4.140	0.325	20.136	0.255	6.1
SE605630-179220	1985-01-03	2.25	3.461	9.041	0.450	0.583	4.138	0.324	20.129	0.255	6.1
SE605630-179220	1985-01-03	2.75	3.465	9.039	0.450	0.583	4.135	0.323	20.121	0.256	6.1
SE605630-179220	1985-01-03	3.25	3.470	9.036	0.450	0.583	4.132	0.322	20.112	0.256	6.1
SE605630-179220	1985-01-03	3.75	3.476	9.032	0.451	0.583	4.130	0.321	20.102	0.257	6.1
SE605630-179220	1985-01-03	4.50	3.487	9.027	0.451	0.583	4.122	0.318	20.080	0.259	6.1
SE605630-179220	1985-01-03	5.50	3.509	9.017	0.453	0.584	4.113	0.313	20.044	0.262	6.1
SE605630-179220	1985-01-03	6.50	3.692	8.957	0.462	0.588	3.901	0.259	19.595	0.292	6.1
SE605630-179220	1985-01-03	7.50	3.893	8.923	0.470	0.591	3.653	0.199	19.061	0.328	6.1
SE605630-179220	1985-01-03	8.50	4.161	8.888	0.481	0.593	3.317	0.119	18.340	0.378	6.1
SE605630-179220	1985-01-03	9.00	4.161	8.888	0.481	0.593	3.317	0.119	18.340	0.378	6.1
SE605630-179220	1985-01-04	0.00	2.798	9.632	0.369	0.487	5.033	0.557	21.098	0.252	5.4
SE605630-179220	1985-01-04	0.25	2.798	9.632	0.369	0.487	5.033	0.557	21.098	0.252	5.4
SE605630-179220	1985-01-04	0.75	2.711	9.647	0.363	0.501	5.102	0.577	21.558	0.251	5.4
SE605630-179220	1985-01-04	1.25	3.477	9.484	0.414	0.553	4.531	0.381	20.451	0.334	5.4
SE605630-179220	1985-01-04	1.75	3.745	9.421	0.431	0.562	4.344	0.313	19.916	0.371	5.4
SE605630-179220	1985-01-04	2.25	3.892	9.386	0.438	0.564	4.260	0.278	19.613	0.395	5.4
SE605630-179220	1985-01-04	2.75	4.005	9.362	0.443	0.564	4.210	0.254	19.392	0.416	5.4
SE605630-179220	1985-01-04	3.25	4.106	9.343	0.447	0.564	4.174	0.234	19.205	0.435	5.4
SE605630-179220	1985-01-04	3.75	4.203	9.327	0.450	0.563	4.147	0.216	19.031	0.455	5.4
SE605630-179220	1985-01-04	4.50	4.275	9.318	0.451	0.561	4.133	0.204	18.891	0.472	5.4
SE605630-179220	1985-01-04	5.50	4.353	9.312	0.453	0.559	4.145	0.194	18.776	0.490	5.4
SE605630-179220	1985-01-04	6.50	4.394	9.345	0.451	0.554	3.643	0.133	18.128	0.502	5.4
SE605630-179220	1985-01-04	7.50	4.410	9.348	0.450	0.552	3.615	0.129	18.058	0.509	5.4
SE605630-179220	1985-01-04	8.50	4.444	9.316	0.447	0.547	3.630	0.127	17.998	0.528	5.4
SE605630-179220	1985-01-04	9.00	4.444	9.316	0.447	0.547	3.630	0.127	17.998	0.528	5.4
SE605630-179220	1985-01-05	0.00	2.293	9.711	0.319	0.426	5.702	0.723	21.882	0.230	5.2
SE605630-179220	1985-01-05	0.25	2.293	9.711	0.319	0.426	5.702	0.723	21.882	0.230	5.2
SE605630-179220	1985-01-05	0.75	2.290	9.711	0.318	0.452	5.715	0.721	22.321	0.238	5.2
SE605630-179220	1985-01-05	1.25	3.587	9.458	0.391	0.537	4.965	0.423	20.793	0.391	5.2
SE605630-179220	1985-01-05	1.75	4.179	9.329	0.423	0.560	4.656	0.287	19.862	0.481	5.2
SE605630-179220	1985-01-05	2.25	4.417	9.266	0.433	0.557	4.571	0.236	19.353	0.531	5.2
SE605630-179220	1985-01-05	2.75	4.521	9.229	0.434	0.547	4.564	0.218	19.056	0.563	5.2
SE605630-179220	1985-01-05	3.25	4.581	9.200	0.431	0.537	4.578	0.212	18.865	0.587	5.2
SE605630-179220	1985-01-05	3.75	4.624	9.175	0.428	0.529	4.595	0.208	18.737	0.607	5.2
SE605630-179220	1985-01-05	4.50	4.662	9.148	0.425	0.522	4.640	0.209	18.669	0.626	5.2
SE605630-179220	1985-01-05	5.50	4.719	9.099	0.419	0.514	4.811	0.222	18.726	0.656	5.2
SE605630-179220	1985-01-05	6.50	4.806	9.102	0.413	0.504	4.024	0.125	17.682	0.691	5.2
SE605630-179220	1985-01-05	7.50	4.888	9.061	0.406	0.494	3.975	0.111	17.459	0.732	5.2
SE605630-179220	1985-01-05	8.50	4.969	9.035	0.397	0.482	3.995	0.107	17.309	0.775	5.2
SE605630-179220	1985-01-05	9.00	4.969	9.035	0.397	0.482	3.995	0.107	17.309	0.775	5.2
SE605630-179220	1985-01-06	0.00	2.255	9.652	0.295	0.396	6.047	0.774	22.035	0.262	5.2
SE605630-179220	1985-01-06	0.25	2.255	9.652	0.295	0.396	6.047	0.774	22.035	0.262	5.2
SE605630-179220	1985-01-06	0.75	2.255	9.647	0.294	0.423	6.054	0.772	22.481	0.271	5.2
SE605630-179220	1985-01-06	1.25	3.640	9.347	0.360	0.502	5.387	0.472	20.941	0.454	5.2
SE605630-179220	1985-01-06	1.75	4.338	9.177	0.392	0.529	5.072	0.319	19.952	0.568	5.2
SE605630-179220	1985-01-06	2.25	4.645	9.092	0.405	0.530	4.961	0.253	19.379	0.632	5.2
SE605630-179220	1985-01-06	2.75	4.778	9.051	0.408	0.522	4.941	0.228	19.037	0.667	5.2
SE605630-179220	1985-01-06	3.25	4.840	9.025	0.407	0.512	5.014	0.227	18.899	0.689	5.2
SE605630-179220	1985-01-06	3.75	4.873	9.012	0.406	0.504	5.075	0.229	18.814	0.704	5.2
SE605630-179220	1985-01-06	4.50	4.895	8.994	0.404	0.498	5.260	0.247	18.903	0.716	5.2
SE605630-179220	1985-01-06	5.50	4.917	8.983	0.402	0.493	5.403	0.261	18.975	0.729	5.2
SE605630-179220	1985-01-06	6.50	4.974	9.040	0.399	0.485	4.307	0.134	17.637	0.745	5.2
SE605630-179220	1985-01-06	7.50	5.007	9.051	0.396	0.480	4.129	0.112	17.362	0.761	5.2
SE605630-179220	1985-01-06	8.50	5.036	9.066	0.391	0.473	4.087	0.107	17.242	0.776	5.2
SE605630-179220	1985-01-06	9.00	5.036	9.066	0.391	0.473	4.087	0.107	17.242	0.776	5.2
SE605630-179220	1985-01-07	0.00	2.270	9.575	0.282	0.378	6.276	0.801	22.110	0.279	5.2
SE605630-179220	1985-01-07	0.25	2.270	9.575	0.282	0.378	6.276	0.801	22.110	0.279	5.2
SE605630-179220	1985-01-07	0.75	2.269	9.573	0.281	0.406	6.280	0.798	22.564	0.287	5.2
SE605630-179220	1985-01-07	1.25	3.667	9.284	0.345	0.484	5.712	0.508	21.121	0.472	5.2
SE605630-179220	1985-01-07	1.75	4.386	9.124	0.378	0.514	5.435	0.355	20.201	0.585	5.2
SE605630-179220	1985-01-07	2.25	4.708	9.047	0.393	0.520	5.332	0.287	19.669	0.646	5.2
SE605630-179220	1985-01-07	2.75	4.848	9.013	0.398	0.515	5.308	0.259	19.341	0.678	5.2
SE605630-179220	1985-01-07	3.25	4.910	8.994	0.400	0.508	5.379	0.256	19.208	0.697	5.2
SE605630-179220	1985-01-07	3.75	4.940	8.986	0.400	0.500	5.428	0.257	19.107	0.707	5.2
SE605630-179220	1985-01-07	4.50	4.959	8.976	0.399	0.493	5.596	0.273	19.165	0.717	5.2
SE605630-179220	1985-01-07	5.50	4.974	8.973	0.397	0.487	5.701	0.284	19.187	0.724	5.2
SE605630-179220	1985-01-07	6.50	5.031	9.042	0.394	0.478	4.468	0.143	17.681	0.739	5.2
SE605630-179220	1985-01-07	7.50	5.064	9.060	0.391	0.473	4.233	0.114	17.336	0.753	5.2
SE605630-179220	1985-01-07	8.50	5.099	9.083	0.385	0.464	4.172	0.108	17.178	0.769	5.2
SE605630-179220	1985-01-07	9.00	5.099	9.083	0.385	0.464	4.172	0.108	17.178	0.769	5.2
SE605630-179220	1985-01-08	0.00	2.324	9.557	0.280	0.374	6.260	0.793	21.985	0.275	5.3
SE605630-179220	1985-01-08	0.25	2.324	9.557	0.280	0.374	6.260	0.793	21.985	0.275	5.3
SE605630-179220	1985-01-08	0.75	2.327	9.557	0.280	0.402	6.254	0.789	22.423	0.283	5.3
SE605630-179220	1985-01-08	1.25	3.694	9.289	0.342	0.477	5.656	0.502	20.950	0.452	5.3
SE605630-179220	1985-01-08	1.75	4.368	9.148	0.374	0.506	5.391	0.358	20.076	0.551	5.3
SE605630-179220	1985-01-08	2.25	4.666	9.078	0.389	0.512	5.348	0.299	19.642	0.604	5.3
SE605630-179220	1985-01-08	2.75	4.801	9.033	0.395	0.510	5.501	0.290	19.555	0.634	5.3
SE605630-179220	1985-01-08	3.25	4.870	8.996	0.397	0.507	5.796	0.309	19.713	0.655	5.3
SE605630-179220	1985-01-08	3.75	4.908	8.970	0.398	0.504	6.089	0.333	19.920	0.669	5.3
SE605630-179220	1985-01-08	4.50	4.934	8.942	0.397	0.500	6.485	0.372	20.256	0.681	5.3
SE605630-179220	1985-01-08	5.50	4.954	8.940	0.396	0.492	6.627	0.387	20.280	0.691	5.3
SE605630-179220	1985-01-08	6.50	5.037	9.016	0.393	0.480	5.128	0.211	18.418	0.711	5.3
SE605630-179220	1985-01-08	7.50	5.085	9.032	0.392	0.476	4.679	0.154	17.803	0.727	5.3
SE605630-179220	1985-01-08	8.50	5.136	9.096	0.380	0.456	4.258	0.114	17.161	0.748	5.3
SE605630-179220	1985-01-08	9.00	5.136	9.096	0.380	0.456	4.258	0.114	17.161	0.748	5.3
