EUCD	YYYY-MM-DD	Djup(m)	Salt (psu o/oo)	O2 (ml/l)	PO4 (µmol/l)	TotP (µmol/l)	NO3 (µmol/l)	NH4 (µmol/l)	TotN (µmol/l)	Chla (ug/l)	Siktdjup (m)
SE631610-184500	1985-01-01	0.00	4.000	8.024	0.500	0.619	3.004	0.101	18.401	0.290	6.8
SE631610-184500	1985-01-01	0.25	4.000	8.024	0.500	0.619	3.004	0.101	18.401	0.290	6.8
SE631610-184500	1985-01-01	0.75	4.000	8.021	0.500	0.620	3.004	0.101	18.428	0.295	6.8
SE631610-184500	1985-01-01	1.25	4.000	8.020	0.500	0.620	3.004	0.101	18.428	0.295	6.8
SE631610-184500	1985-01-01	1.75	4.000	8.019	0.500	0.620	3.004	0.101	18.428	0.295	6.8
SE631610-184500	1985-01-01	2.25	4.000	8.018	0.500	0.620	3.003	0.101	18.429	0.295	6.8
SE631610-184500	1985-01-01	2.75	4.000	8.017	0.500	0.620	3.003	0.101	18.429	0.295	6.8
SE631610-184500	1985-01-01	3.25	4.000	8.016	0.500	0.620	3.003	0.101	18.429	0.295	6.8
SE631610-184500	1985-01-01	3.75	4.000	8.015	0.500	0.620	3.004	0.101	18.429	0.295	6.8
SE631610-184500	1985-01-01	4.50	4.000	8.014	0.500	0.620	3.003	0.101	18.429	0.295	6.8
SE631610-184500	1985-01-01	5.50	4.000	8.013	0.500	0.620	3.003	0.101	18.429	0.295	6.8
SE631610-184500	1985-01-01	6.50	4.000	8.012	0.500	0.621	3.004	0.100	18.430	0.295	6.8
SE631610-184500	1985-01-01	7.50	4.000	8.011	0.500	0.621	3.004	0.100	18.430	0.295	6.8
SE631610-184500	1985-01-01	8.50	4.000	8.010	0.500	0.621	3.004	0.100	18.431	0.295	6.8
SE631610-184500	1985-01-01	9.50	4.000	8.009	0.500	0.621	3.004	0.100	18.431	0.295	6.8
SE631610-184500	1985-01-01	28.50	4.000	7.976	0.503	0.623	3.069	0.100	18.488	0.296	6.8
SE631610-184500	1985-01-01	29.00	4.000	7.976	0.503	0.623	3.069	0.100	18.488	0.296	6.8
SE631610-184500	1985-01-02	0.00	4.000	8.139	0.501	0.619	3.022	0.102	18.408	0.278	6.9
SE631610-184500	1985-01-02	0.25	4.000	8.139	0.501	0.619	3.022	0.102	18.408	0.278	6.9
SE631610-184500	1985-01-02	0.75	4.000	8.135	0.501	0.620	3.022	0.102	18.435	0.283	6.9
SE631610-184500	1985-01-02	1.25	4.000	8.133	0.501	0.620	3.022	0.102	18.435	0.283	6.9
SE631610-184500	1985-01-02	1.75	4.000	8.132	0.501	0.620	3.022	0.102	18.435	0.283	6.9
SE631610-184500	1985-01-02	2.25	4.000	8.130	0.501	0.620	3.022	0.101	18.435	0.283	6.9
SE631610-184500	1985-01-02	2.75	4.000	8.130	0.501	0.620	3.022	0.101	18.435	0.283	6.9
SE631610-184500	1985-01-02	3.25	4.000	8.129	0.501	0.620	3.022	0.101	18.435	0.283	6.9
SE631610-184500	1985-01-02	3.75	4.000	8.128	0.501	0.620	3.022	0.101	18.436	0.283	6.9
SE631610-184500	1985-01-02	4.50	4.000	8.127	0.501	0.620	3.022	0.101	18.436	0.283	6.9
SE631610-184500	1985-01-02	5.50	4.000	8.126	0.501	0.620	3.022	0.101	18.436	0.283	6.9
SE631610-184500	1985-01-02	6.50	4.000	8.125	0.501	0.620	3.022	0.101	18.436	0.283	6.9
SE631610-184500	1985-01-02	7.50	4.000	8.125	0.501	0.620	3.022	0.101	18.436	0.283	6.9
SE631610-184500	1985-01-02	8.50	4.000	8.124	0.501	0.620	3.022	0.101	18.436	0.283	6.9
SE631610-184500	1985-01-02	9.50	4.000	8.124	0.501	0.620	3.022	0.101	18.436	0.283	6.9
SE631610-184500	1985-01-02	28.50	4.000	8.113	0.502	0.621	3.037	0.101	18.447	0.283	6.9
SE631610-184500	1985-01-02	29.00	4.000	8.113	0.502	0.621	3.037	0.101	18.447	0.283	6.9
SE631610-184500	1985-01-03	0.00	3.907	8.409	0.512	0.651	3.607	0.205	19.453	0.256	6.1
SE631610-184500	1985-01-03	0.25	3.907	8.409	0.512	0.651	3.607	0.205	19.453	0.256	6.1
SE631610-184500	1985-01-03	0.75	3.907	8.402	0.512	0.659	3.607	0.205	19.582	0.260	6.1
SE631610-184500	1985-01-03	1.25	3.908	8.398	0.512	0.658	3.602	0.204	19.572	0.260	6.1
SE631610-184500	1985-01-03	1.75	3.908	8.395	0.512	0.658	3.599	0.203	19.563	0.260	6.1
SE631610-184500	1985-01-03	2.25	3.909	8.393	0.512	0.658	3.596	0.203	19.557	0.260	6.1
SE631610-184500	1985-01-03	2.75	3.909	8.391	0.511	0.657	3.594	0.202	19.551	0.260	6.1
SE631610-184500	1985-01-03	3.25	3.910	8.390	0.511	0.657	3.592	0.202	19.547	0.260	6.1
SE631610-184500	1985-01-03	3.75	3.910	8.388	0.511	0.657	3.590	0.202	19.543	0.260	6.1
SE631610-184500	1985-01-03	4.50	3.911	8.386	0.511	0.657	3.588	0.201	19.537	0.260	6.1
SE631610-184500	1985-01-03	5.50	3.911	8.384	0.511	0.657	3.585	0.201	19.531	0.260	6.1
SE631610-184500	1985-01-03	6.50	3.912	8.381	0.511	0.656	3.581	0.200	19.524	0.260	6.1
SE631610-184500	1985-01-03	7.50	3.912	8.379	0.511	0.656	3.578	0.199	19.517	0.260	6.1
SE631610-184500	1985-01-03	8.50	3.913	8.377	0.511	0.656	3.575	0.199	19.511	0.260	6.1
SE631610-184500	1985-01-03	9.50	3.913	8.375	0.511	0.656	3.572	0.198	19.505	0.260	6.1
SE631610-184500	1985-01-03	28.50	3.998	8.082	0.507	0.627	3.165	0.103	18.584	0.269	6.1
SE631610-184500	1985-01-03	29.00	3.998	8.082	0.507	0.627	3.165	0.103	18.584	0.269	6.1
SE631610-184500	1985-01-04	0.00	3.757	8.619	0.529	0.694	4.490	0.368	20.951	0.230	5.3
SE631610-184500	1985-01-04	0.25	3.757	8.619	0.529	0.694	4.490	0.368	20.951	0.230	5.3
SE631610-184500	1985-01-04	0.75	3.757	8.618	0.529	0.711	4.493	0.369	21.218	0.234	5.3
SE631610-184500	1985-01-04	1.25	3.761	8.615	0.528	0.709	4.470	0.364	21.172	0.234	5.3
SE631610-184500	1985-01-04	1.75	3.766	8.612	0.528	0.707	4.448	0.359	21.123	0.234	5.3
SE631610-184500	1985-01-04	2.25	3.771	8.609	0.527	0.706	4.426	0.355	21.076	0.235	5.3
SE631610-184500	1985-01-04	2.75	3.776	8.605	0.527	0.704	4.404	0.350	21.030	0.235	5.3
SE631610-184500	1985-01-04	3.25	3.781	8.602	0.526	0.702	4.383	0.345	20.986	0.236	5.3
SE631610-184500	1985-01-04	3.75	3.786	8.598	0.526	0.700	4.365	0.341	20.944	0.236	5.3
SE631610-184500	1985-01-04	4.50	3.794	8.591	0.525	0.698	4.341	0.335	20.887	0.237	5.3
SE631610-184500	1985-01-04	5.50	3.804	8.580	0.523	0.694	4.346	0.330	20.853	0.238	5.3
SE631610-184500	1985-01-04	6.50	3.818	8.571	0.522	0.690	4.220	0.310	20.662	0.239	5.3
SE631610-184500	1985-01-04	7.50	3.831	8.561	0.521	0.686	4.120	0.294	20.500	0.240	5.3
SE631610-184500	1985-01-04	8.50	3.840	8.550	0.520	0.683	4.051	0.282	20.384	0.241	5.3
SE631610-184500	1985-01-04	9.50	3.847	8.540	0.519	0.681	4.004	0.273	20.300	0.242	5.3
SE631610-184500	1985-01-04	28.50	3.996	8.073	0.518	0.642	3.433	0.110	18.920	0.254	5.3
SE631610-184500	1985-01-04	29.00	3.996	8.073	0.518	0.642	3.433	0.110	18.920	0.254	5.3
SE631610-184500	1985-01-05	0.00	3.084	8.933	0.604	0.803	7.846	1.037	25.603	0.165	4.2
SE631610-184500	1985-01-05	0.25	3.084	8.933	0.604	0.803	7.846	1.037	25.603	0.165	4.2
SE631610-184500	1985-01-05	0.75	3.054	8.944	0.607	0.849	7.977	1.062	26.451	0.166	4.2
SE631610-184500	1985-01-05	1.25	3.557	8.764	0.556	0.803	5.777	0.615	23.828	0.199	4.2
SE631610-184500	1985-01-05	1.75	3.676	8.706	0.540	0.774	5.093	0.477	22.781	0.213	4.2
SE631610-184500	1985-01-05	2.25	3.698	8.691	0.536	0.756	4.939	0.445	22.349	0.217	4.2
SE631610-184500	1985-01-05	2.75	3.704	8.684	0.535	0.743	4.904	0.436	22.114	0.218	4.2
SE631610-184500	1985-01-05	3.25	3.708	8.678	0.535	0.734	4.910	0.434	21.994	0.218	4.2
SE631610-184500	1985-01-05	3.75	3.711	8.670	0.534	0.729	4.951	0.437	21.963	0.218	4.2
SE631610-184500	1985-01-05	4.50	3.715	8.655	0.533	0.724	5.071	0.447	22.037	0.219	4.2
SE631610-184500	1985-01-05	5.50	3.724	8.611	0.531	0.720	5.506	0.487	22.502	0.220	4.2
SE631610-184500	1985-01-05	6.50	3.777	8.602	0.527	0.713	4.546	0.363	21.336	0.223	4.2
SE631610-184500	1985-01-05	7.50	3.826	8.559	0.522	0.704	4.178	0.302	20.829	0.227	4.2
SE631610-184500	1985-01-05	8.50	3.844	8.539	0.520	0.696	4.047	0.279	20.575	0.229	4.2
SE631610-184500	1985-01-05	9.50	3.852	8.527	0.519	0.690	3.992	0.269	20.416	0.230	4.2
SE631610-184500	1985-01-05	28.50	3.994	8.039	0.529	0.655	3.689	0.114	19.225	0.240	4.2
SE631610-184500	1985-01-05	29.00	3.994	8.039	0.529	0.655	3.689	0.114	19.225	0.240	4.2
SE631610-184500	1985-01-06	0.00	2.372	9.191	0.681	0.860	11.118	1.692	29.278	0.113	4.0
SE631610-184500	1985-01-06	0.25	2.372	9.191	0.681	0.860	11.118	1.692	29.278	0.113	4.0
SE631610-184500	1985-01-06	0.75	2.338	9.203	0.684	0.919	11.263	1.719	30.341	0.113	4.0
SE631610-184500	1985-01-06	1.25	3.181	8.926	0.605	0.864	7.869	1.033	26.578	0.154	4.0
SE631610-184500	1985-01-06	1.75	3.580	8.761	0.559	0.826	5.915	0.637	24.304	0.184	4.0
SE631610-184500	1985-01-06	2.25	3.674	8.700	0.543	0.807	5.296	0.507	23.495	0.198	4.0
SE631610-184500	1985-01-06	2.75	3.700	8.672	0.537	0.793	5.151	0.469	23.184	0.204	4.0
SE631610-184500	1985-01-06	3.25	3.712	8.652	0.535	0.781	5.181	0.462	23.046	0.207	4.0
SE631610-184500	1985-01-06	3.75	3.719	8.632	0.533	0.768	5.295	0.467	22.991	0.208	4.0
SE631610-184500	1985-01-06	4.50	3.729	8.602	0.531	0.749	5.503	0.483	22.963	0.210	4.0
SE631610-184500	1985-01-06	5.50	3.748	8.547	0.527	0.734	5.889	0.513	23.196	0.211	4.0
SE631610-184500	1985-01-06	6.50	3.806	8.559	0.524	0.721	4.553	0.350	21.490	0.214	4.0
SE631610-184500	1985-01-06	7.50	3.835	8.541	0.522	0.711	4.171	0.296	20.935	0.217	4.0
SE631610-184500	1985-01-06	8.50	3.849	8.526	0.520	0.704	4.041	0.275	20.693	0.218	4.0
SE631610-184500	1985-01-06	9.50	3.856	8.514	0.520	0.699	3.984	0.265	20.543	0.219	4.0
SE631610-184500	1985-01-06	28.50	4.032	8.383	0.510	0.630	3.428	0.116	18.813	0.244	4.0
SE631610-184500	1985-01-06	29.00	4.032	8.383	0.510	0.630	3.428	0.116	18.813	0.244	4.0
SE631610-184500	1985-01-07	0.00	1.910	9.352	0.732	0.898	13.269	2.115	31.657	0.084	4.1
SE631610-184500	1985-01-07	0.25	1.910	9.352	0.732	0.898	13.269	2.115	31.657	0.084	4.1
SE631610-184500	1985-01-07	0.75	1.887	9.360	0.734	0.955	13.368	2.133	32.660	0.085	4.1
SE631610-184500	1985-01-07	1.25	2.828	9.056	0.646	0.894	9.650	1.381	28.551	0.122	4.1
SE631610-184500	1985-01-07	1.75	3.448	8.822	0.581	0.843	6.949	0.831	25.489	0.157	4.1
SE631610-184500	1985-01-07	2.25	3.637	8.711	0.552	0.821	5.865	0.601	24.253	0.177	4.1
SE631610-184500	1985-01-07	2.75	3.694	8.655	0.540	0.810	5.548	0.521	23.864	0.188	4.1
SE631610-184500	1985-01-07	3.25	3.718	8.618	0.535	0.802	5.527	0.498	23.780	0.194	4.1
SE631610-184500	1985-01-07	3.75	3.732	8.588	0.531	0.793	5.623	0.496	23.786	0.198	4.1
SE631610-184500	1985-01-07	4.50	3.747	8.553	0.528	0.778	5.791	0.503	23.770	0.200	4.1
SE631610-184500	1985-01-07	5.50	3.768	8.505	0.525	0.760	6.036	0.518	23.814	0.202	4.1
SE631610-184500	1985-01-07	6.50	3.821	8.530	0.523	0.743	4.601	0.347	21.913	0.205	4.1
SE631610-184500	1985-01-07	7.50	3.843	8.523	0.522	0.729	4.180	0.293	21.225	0.207	4.1
SE631610-184500	1985-01-07	8.50	3.854	8.511	0.521	0.718	4.039	0.272	20.900	0.208	4.1
SE631610-184500	1985-01-07	9.50	3.860	8.501	0.520	0.710	3.978	0.261	20.701	0.209	4.1
SE631610-184500	1985-01-07	28.50	4.311	8.442	0.474	0.582	3.461	0.102	18.188	0.357	4.1
SE631610-184500	1985-01-07	29.00	4.311	8.442	0.474	0.582	3.461	0.102	18.188	0.357	4.1
SE631610-184500	1985-01-08	0.00	1.596	9.456	0.769	0.926	14.791	2.408	33.326	0.066	4.1
SE631610-184500	1985-01-08	0.25	1.596	9.456	0.769	0.926	14.791	2.408	33.326	0.066	4.1
SE631610-184500	1985-01-08	0.75	1.580	9.462	0.771	0.983	14.860	2.420	34.285	0.066	4.1
SE631610-184500	1985-01-08	1.25	2.566	9.142	0.677	0.916	10.999	1.636	30.029	0.101	4.1
SE631610-184500	1985-01-08	1.75	3.326	8.866	0.600	0.857	7.895	1.002	26.527	0.136	4.1
SE631610-184500	1985-01-08	2.25	3.599	8.714	0.561	0.827	6.461	0.697	24.915	0.159	4.1
SE631610-184500	1985-01-08	2.75	3.691	8.633	0.543	0.814	5.956	0.575	24.346	0.173	4.1
SE631610-184500	1985-01-08	3.25	3.728	8.584	0.535	0.806	5.839	0.530	24.196	0.181	4.1
SE631610-184500	1985-01-08	3.75	3.748	8.548	0.530	0.800	5.863	0.516	24.180	0.186	4.1
SE631610-184500	1985-01-08	4.50	3.765	8.514	0.527	0.790	5.940	0.511	24.157	0.190	4.1
SE631610-184500	1985-01-08	5.50	3.787	8.475	0.524	0.778	6.026	0.509	24.091	0.193	4.1
SE631610-184500	1985-01-08	6.50	3.832	8.506	0.523	0.763	4.605	0.342	22.241	0.196	4.1
SE631610-184500	1985-01-08	7.50	3.850	8.504	0.522	0.749	4.180	0.289	21.544	0.197	4.1
SE631610-184500	1985-01-08	8.50	3.859	8.496	0.521	0.737	4.033	0.268	21.182	0.198	4.1
SE631610-184500	1985-01-08	9.50	3.866	8.487	0.520	0.726	3.968	0.257	20.935	0.199	4.1
SE631610-184500	1985-01-08	28.50	4.485	8.510	0.456	0.557	3.614	0.099	17.964	0.420	4.1
SE631610-184500	1985-01-08	29.00	4.485	8.510	0.456	0.557	3.614	0.099	17.964	0.420	4.1
