EUCD	YYYY-MM-DD	Djup(m)	Salt (psu o/oo)	O2 (ml/l)	PO4 (µmol/l)	TotP (µmol/l)	NO3 (µmol/l)	NH4 (µmol/l)	TotN (µmol/l)	Chla (ug/l)	Siktdjup (m)
SE604900-171700	1985-01-01	0.00	4.000	8.040	0.501	0.619	3.025	0.103	18.416	0.288	6.9
SE604900-171700	1985-01-01	0.25	4.000	8.040	0.501	0.619	3.025	0.103	18.416	0.288	6.9
SE604900-171700	1985-01-01	0.75	4.000	8.037	0.501	0.621	3.024	0.103	18.441	0.293	6.9
SE604900-171700	1985-01-01	1.25	4.000	8.035	0.501	0.621	3.022	0.103	18.439	0.293	6.9
SE604900-171700	1985-01-01	1.75	4.000	8.033	0.501	0.621	3.022	0.103	18.439	0.293	6.9
SE604900-171700	1985-01-01	2.25	4.000	8.032	0.501	0.621	3.022	0.103	18.439	0.293	6.9
SE604900-171700	1985-01-01	2.75	4.000	8.031	0.501	0.621	3.022	0.103	18.439	0.293	6.9
SE604900-171700	1985-01-01	3.25	4.000	8.030	0.501	0.621	3.022	0.103	18.440	0.293	6.9
SE604900-171700	1985-01-01	3.75	4.000	8.029	0.501	0.621	3.024	0.103	18.441	0.293	6.9
SE604900-171700	1985-01-01	4.50	4.000	8.028	0.501	0.621	3.023	0.102	18.440	0.293	6.9
SE604900-171700	1985-01-01	5.50	4.000	8.026	0.501	0.621	3.023	0.102	18.441	0.293	6.9
SE604900-171700	1985-01-01	6.50	4.000	8.024	0.501	0.621	3.022	0.102	18.441	0.293	6.9
SE604900-171700	1985-01-01	7.50	4.000	8.023	0.501	0.621	3.021	0.102	18.440	0.293	6.9
SE604900-171700	1985-01-01	8.50	4.000	8.020	0.501	0.621	3.020	0.102	18.440	0.294	6.9
SE604900-171700	1985-01-01	9.50	4.000	8.018	0.501	0.621	3.019	0.102	18.440	0.294	6.9
SE604900-171700	1985-01-01	39.50	4.000	7.977	0.503	0.623	3.067	0.100	18.486	0.296	6.9
SE604900-171700	1985-01-01	40.00	4.000	7.977	0.503	0.623	3.067	0.100	18.486	0.296	6.9
SE604900-171700	1985-01-02	0.00	4.000	8.304	0.503	0.619	3.082	0.110	18.447	0.275	6.9
SE604900-171700	1985-01-02	0.25	4.000	8.304	0.503	0.619	3.082	0.110	18.447	0.275	6.9
SE604900-171700	1985-01-02	0.75	4.000	8.300	0.503	0.620	3.081	0.110	18.465	0.279	6.9
SE604900-171700	1985-01-02	1.25	4.000	8.298	0.503	0.620	3.080	0.110	18.463	0.279	6.9
SE604900-171700	1985-01-02	1.75	4.000	8.296	0.503	0.620	3.080	0.110	18.463	0.279	6.9
SE604900-171700	1985-01-02	2.25	4.000	8.295	0.503	0.620	3.079	0.110	18.463	0.279	6.9
SE604900-171700	1985-01-02	2.75	4.000	8.293	0.503	0.620	3.080	0.110	18.463	0.279	6.9
SE604900-171700	1985-01-02	3.25	4.000	8.292	0.503	0.620	3.080	0.110	18.463	0.279	6.9
SE604900-171700	1985-01-02	3.75	4.000	8.291	0.503	0.620	3.081	0.110	18.465	0.279	6.9
SE604900-171700	1985-01-02	4.50	4.000	8.289	0.503	0.620	3.080	0.110	18.464	0.279	6.9
SE604900-171700	1985-01-02	5.50	4.000	8.287	0.503	0.620	3.080	0.110	18.464	0.279	6.9
SE604900-171700	1985-01-02	6.50	4.000	8.285	0.503	0.620	3.080	0.109	18.464	0.279	6.9
SE604900-171700	1985-01-02	7.50	4.000	8.283	0.503	0.620	3.079	0.109	18.463	0.280	6.9
SE604900-171700	1985-01-02	8.50	4.000	8.280	0.503	0.620	3.078	0.109	18.462	0.280	6.9
SE604900-171700	1985-01-02	9.50	4.000	8.277	0.503	0.620	3.077	0.109	18.462	0.280	6.9
SE604900-171700	1985-01-02	39.50	4.000	7.940	0.508	0.628	3.173	0.100	18.589	0.285	6.9
SE604900-171700	1985-01-02	40.00	4.000	7.940	0.508	0.628	3.173	0.100	18.589	0.285	6.9
SE604900-171700	1985-01-03	0.00	4.094	8.916	0.491	0.603	3.257	0.122	18.415	0.323	7.0
SE604900-171700	1985-01-03	0.25	4.094	8.916	0.491	0.603	3.257	0.122	18.415	0.323	7.0
SE604900-171700	1985-01-03	0.75	4.094	8.911	0.491	0.605	3.257	0.122	18.436	0.329	7.0
SE604900-171700	1985-01-03	1.25	4.095	8.908	0.491	0.604	3.255	0.122	18.434	0.329	7.0
SE604900-171700	1985-01-03	1.75	4.095	8.905	0.491	0.604	3.255	0.122	18.433	0.329	7.0
SE604900-171700	1985-01-03	2.25	4.096	8.903	0.491	0.604	3.256	0.122	18.432	0.330	7.0
SE604900-171700	1985-01-03	2.75	4.096	8.901	0.491	0.604	3.256	0.122	18.432	0.330	7.0
SE604900-171700	1985-01-03	3.25	4.097	8.899	0.491	0.604	3.256	0.122	18.431	0.330	7.0
SE604900-171700	1985-01-03	3.75	4.097	8.897	0.491	0.604	3.258	0.122	18.432	0.330	7.0
SE604900-171700	1985-01-03	4.50	4.098	8.894	0.491	0.604	3.258	0.122	18.429	0.331	7.0
SE604900-171700	1985-01-03	5.50	4.101	8.889	0.491	0.604	3.259	0.122	18.425	0.333	7.0
SE604900-171700	1985-01-03	6.50	4.105	8.882	0.490	0.603	3.261	0.121	18.418	0.335	7.0
SE604900-171700	1985-01-03	7.50	4.113	8.871	0.489	0.602	3.265	0.121	18.405	0.340	7.0
SE604900-171700	1985-01-03	8.50	4.127	8.855	0.488	0.600	3.273	0.120	18.384	0.348	7.0
SE604900-171700	1985-01-03	9.50	4.150	8.830	0.485	0.597	3.286	0.119	18.350	0.362	7.0
SE604900-171700	1985-01-03	39.50	4.646	8.647	0.430	0.527	3.635	0.102	17.651	0.668	7.0
SE604900-171700	1985-01-03	40.00	4.646	8.647	0.430	0.527	3.635	0.102	17.651	0.668	7.0
SE604900-171700	1985-01-04	0.00	4.309	9.374	0.466	0.568	3.547	0.140	18.222	0.427	7.1
SE604900-171700	1985-01-04	0.25	4.309	9.374	0.466	0.568	3.547	0.140	18.222	0.427	7.1
SE604900-171700	1985-01-04	0.75	4.308	9.374	0.466	0.569	3.546	0.140	18.246	0.434	7.1
SE604900-171700	1985-01-04	1.25	4.311	9.374	0.466	0.570	3.539	0.137	18.234	0.436	7.1
SE604900-171700	1985-01-04	1.75	4.318	9.371	0.466	0.570	3.524	0.132	18.209	0.441	7.1
SE604900-171700	1985-01-04	2.25	4.323	9.367	0.465	0.570	3.518	0.129	18.195	0.446	7.1
SE604900-171700	1985-01-04	2.75	4.331	9.357	0.465	0.569	3.520	0.128	18.183	0.450	7.1
SE604900-171700	1985-01-04	3.25	4.347	9.336	0.463	0.567	3.529	0.127	18.159	0.459	7.1
SE604900-171700	1985-01-04	3.75	4.378	9.297	0.460	0.563	3.549	0.125	18.114	0.476	7.1
SE604900-171700	1985-01-04	4.50	4.421	9.247	0.455	0.557	3.571	0.123	18.050	0.500	7.1
SE604900-171700	1985-01-04	5.50	4.499	9.159	0.447	0.547	3.616	0.119	17.934	0.544	7.1
SE604900-171700	1985-01-04	6.50	4.615	9.037	0.434	0.532	3.682	0.113	17.762	0.609	7.1
SE604900-171700	1985-01-04	7.50	4.743	8.914	0.420	0.514	3.756	0.107	17.574	0.682	7.1
SE604900-171700	1985-01-04	8.50	4.814	8.861	0.413	0.505	3.800	0.104	17.470	0.724	7.1
SE604900-171700	1985-01-04	9.50	4.839	8.857	0.410	0.501	3.816	0.103	17.436	0.740	7.1
SE604900-171700	1985-01-04	39.50	4.937	8.940	0.399	0.486	3.910	0.104	17.311	0.799	7.1
SE604900-171700	1985-01-04	40.00	4.937	8.940	0.399	0.486	3.910	0.104	17.311	0.799	7.1
SE604900-171700	1985-01-05	0.00	4.313	9.299	0.460	0.557	3.774	0.185	18.383	0.403	7.2
SE604900-171700	1985-01-05	0.25	4.313	9.299	0.460	0.557	3.774	0.185	18.383	0.403	7.2
SE604900-171700	1985-01-05	0.75	4.315	9.296	0.460	0.558	3.775	0.183	18.402	0.412	7.2
SE604900-171700	1985-01-05	1.25	4.388	9.251	0.456	0.554	3.726	0.156	18.218	0.452	7.2
SE604900-171700	1985-01-05	1.75	4.465	9.194	0.450	0.547	3.719	0.138	18.062	0.495	7.2
SE604900-171700	1985-01-05	2.25	4.536	9.138	0.443	0.540	3.734	0.128	17.939	0.534	7.2
SE604900-171700	1985-01-05	2.75	4.632	9.066	0.434	0.529	3.772	0.118	17.789	0.586	7.2
SE604900-171700	1985-01-05	3.25	4.720	9.005	0.426	0.518	3.817	0.111	17.661	0.634	7.2
SE604900-171700	1985-01-05	3.75	4.789	8.963	0.418	0.510	3.857	0.107	17.564	0.673	7.2
SE604900-171700	1985-01-05	4.50	4.851	8.937	0.411	0.501	3.891	0.105	17.473	0.710	7.2
SE604900-171700	1985-01-05	5.50	4.908	8.934	0.404	0.493	3.924	0.104	17.388	0.742	7.2
SE604900-171700	1985-01-05	6.50	4.941	8.949	0.400	0.487	3.942	0.104	17.335	0.761	7.2
SE604900-171700	1985-01-05	7.50	4.960	8.967	0.397	0.484	3.952	0.104	17.302	0.771	7.2
SE604900-171700	1985-01-05	8.50	4.973	8.982	0.395	0.482	3.960	0.104	17.280	0.778	7.2
SE604900-171700	1985-01-05	9.50	4.983	8.994	0.394	0.480	3.967	0.105	17.264	0.783	7.2
SE604900-171700	1985-01-05	39.50	5.084	9.065	0.382	0.463	4.059	0.106	17.126	0.844	7.2
SE604900-171700	1985-01-05	40.00	5.084	9.065	0.382	0.463	4.059	0.106	17.126	0.844	7.2
SE604900-171700	1985-01-06	0.00	4.388	9.189	0.449	0.539	4.005	0.214	18.407	0.416	7.3
SE604900-171700	1985-01-06	0.25	4.388	9.189	0.449	0.539	4.005	0.214	18.407	0.416	7.3
SE604900-171700	1985-01-06	0.75	4.390	9.187	0.449	0.540	4.005	0.213	18.421	0.424	7.3
SE604900-171700	1985-01-06	1.25	4.499	9.140	0.442	0.533	3.940	0.175	18.154	0.478	7.3
SE604900-171700	1985-01-06	1.75	4.608	9.089	0.435	0.525	3.917	0.148	17.928	0.534	7.3
SE604900-171700	1985-01-06	2.25	4.707	9.043	0.426	0.515	3.922	0.129	17.742	0.587	7.3
SE604900-171700	1985-01-06	2.75	4.792	9.008	0.419	0.506	3.943	0.117	17.600	0.635	7.3
SE604900-171700	1985-01-06	3.25	4.860	8.988	0.412	0.499	3.970	0.110	17.494	0.674	7.3
SE604900-171700	1985-01-06	3.75	4.911	8.982	0.407	0.493	3.995	0.107	17.420	0.704	7.3
SE604900-171700	1985-01-06	4.50	4.959	8.988	0.401	0.486	4.016	0.105	17.348	0.733	7.3
SE604900-171700	1985-01-06	5.50	5.002	9.013	0.395	0.479	4.035	0.104	17.280	0.757	7.3
SE604900-171700	1985-01-06	6.50	5.029	9.039	0.390	0.474	4.044	0.105	17.232	0.772	7.3
SE604900-171700	1985-01-06	7.50	5.046	9.058	0.387	0.471	4.049	0.105	17.200	0.781	7.3
SE604900-171700	1985-01-06	8.50	5.058	9.070	0.385	0.468	4.055	0.106	17.176	0.787	7.3
SE604900-171700	1985-01-06	9.50	5.069	9.078	0.384	0.466	4.062	0.106	17.158	0.793	7.3
SE604900-171700	1985-01-06	39.50	5.218	9.100	0.367	0.444	4.190	0.106	16.968	0.872	7.3
SE604900-171700	1985-01-06	40.00	5.218	9.100	0.367	0.444	4.190	0.106	16.968	0.872	7.3
SE604900-171700	1985-01-07	0.00	4.467	9.114	0.439	0.523	4.212	0.237	18.403	0.424	7.4
SE604900-171700	1985-01-07	0.25	4.467	9.114	0.439	0.523	4.212	0.237	18.403	0.424	7.4
SE604900-171700	1985-01-07	0.75	4.468	9.114	0.439	0.524	4.211	0.235	18.416	0.432	7.4
SE604900-171700	1985-01-07	1.25	4.575	9.089	0.433	0.518	4.127	0.194	18.141	0.482	7.4
SE604900-171700	1985-01-07	1.75	4.673	9.063	0.427	0.511	4.084	0.164	17.914	0.532	7.4
SE604900-171700	1985-01-07	2.25	4.768	9.041	0.420	0.504	4.066	0.142	17.718	0.581	7.4
SE604900-171700	1985-01-07	2.75	4.851	9.027	0.413	0.496	4.067	0.126	17.561	0.627	7.4
SE604900-171700	1985-01-07	3.25	4.919	9.020	0.407	0.489	4.079	0.116	17.443	0.665	7.4
SE604900-171700	1985-01-07	3.75	4.972	9.022	0.401	0.483	4.096	0.111	17.359	0.696	7.4
SE604900-171700	1985-01-07	4.50	5.026	9.034	0.394	0.475	4.111	0.107	17.271	0.729	7.4
SE604900-171700	1985-01-07	5.50	5.077	9.058	0.387	0.467	4.129	0.106	17.190	0.757	7.4
SE604900-171700	1985-01-07	6.50	5.112	9.079	0.381	0.461	4.140	0.106	17.132	0.776	7.4
SE604900-171700	1985-01-07	7.50	5.136	9.093	0.378	0.457	4.148	0.106	17.091	0.787	7.4
SE604900-171700	1985-01-07	8.50	5.153	9.102	0.375	0.454	4.155	0.107	17.064	0.795	7.4
SE604900-171700	1985-01-07	9.50	5.165	9.107	0.373	0.451	4.161	0.107	17.043	0.801	7.4
SE604900-171700	1985-01-07	39.50	5.311	9.122	0.356	0.429	4.285	0.107	16.857	0.876	7.4
SE604900-171700	1985-01-07	40.00	5.311	9.122	0.356	0.429	4.285	0.107	16.857	0.876	7.4
SE604900-171700	1985-01-08	0.00	4.681	9.085	0.421	0.498	4.324	0.214	18.060	0.496	7.5
SE604900-171700	1985-01-08	0.25	4.681	9.085	0.421	0.498	4.324	0.214	18.060	0.496	7.5
SE604900-171700	1985-01-08	0.75	4.679	9.086	0.421	0.500	4.323	0.213	18.081	0.504	7.5
SE604900-171700	1985-01-08	1.25	4.705	9.083	0.420	0.500	4.277	0.195	17.993	0.521	7.5
SE604900-171700	1985-01-08	1.75	4.733	9.080	0.419	0.499	4.246	0.182	17.915	0.539	7.5
SE604900-171700	1985-01-08	2.25	4.765	9.077	0.417	0.497	4.227	0.171	17.837	0.557	7.5
SE604900-171700	1985-01-08	2.75	4.801	9.074	0.414	0.494	4.217	0.162	17.760	0.576	7.5
SE604900-171700	1985-01-08	3.25	4.851	9.071	0.410	0.489	4.212	0.151	17.660	0.601	7.5
SE604900-171700	1985-01-08	3.75	4.911	9.069	0.404	0.483	4.213	0.141	17.548	0.630	7.5
SE604900-171700	1985-01-08	4.50	4.989	9.072	0.396	0.474	4.210	0.129	17.396	0.670	7.5
SE604900-171700	1985-01-08	5.50	5.090	9.081	0.385	0.462	4.214	0.116	17.205	0.721	7.5
SE604900-171700	1985-01-08	6.50	5.159	9.094	0.377	0.453	4.219	0.109	17.082	0.757	7.5
SE604900-171700	1985-01-08	7.50	5.195	9.106	0.372	0.447	4.222	0.107	17.021	0.777	7.5
SE604900-171700	1985-01-08	8.50	5.215	9.113	0.369	0.444	4.227	0.107	16.991	0.787	7.5
SE604900-171700	1985-01-08	9.50	5.227	9.118	0.367	0.442	4.232	0.107	16.972	0.793	7.5
SE604900-171700	1985-01-08	39.50	5.380	9.129	0.349	0.419	4.364	0.108	16.777	0.866	7.5
SE604900-171700	1985-01-08	40.00	5.380	9.129	0.349	0.419	4.364	0.108	16.777	0.866	7.5
