EUCD	YYYY-MM-DD	Djup(m)	Salt (psu o/oo)	O2 (ml/l)	PO4 (µmol/l)	TotP (µmol/l)	NO3 (µmol/l)	NH4 (µmol/l)	TotN (µmol/l)	Chla (ug/l)	Siktdjup (m)
SE592040-184000	1985-01-01	0.00	4.000	8.004	0.500	0.619	3.011	0.103	18.405	0.289	6.8
SE592040-184000	1985-01-01	0.25	4.000	8.004	0.500	0.619	3.011	0.103	18.405	0.289	6.8
SE592040-184000	1985-01-01	0.75	4.000	8.004	0.500	0.620	3.010	0.103	18.432	0.294	6.8
SE592040-184000	1985-01-01	1.25	4.000	8.003	0.500	0.620	3.010	0.102	18.432	0.294	6.8
SE592040-184000	1985-01-01	1.75	4.000	8.003	0.500	0.620	3.010	0.102	18.431	0.294	6.8
SE592040-184000	1985-01-01	2.25	4.000	8.003	0.500	0.620	3.009	0.102	18.431	0.294	6.8
SE592040-184000	1985-01-01	2.75	4.000	8.003	0.500	0.620	3.009	0.102	18.431	0.294	6.8
SE592040-184000	1985-01-01	3.25	4.000	8.002	0.500	0.620	3.009	0.102	18.431	0.294	6.8
SE592040-184000	1985-01-01	3.75	4.000	8.002	0.500	0.620	3.009	0.102	18.432	0.294	6.8
SE592040-184000	1985-01-01	4.50	4.000	8.002	0.500	0.620	3.008	0.102	18.432	0.294	6.8
SE592040-184000	1985-01-01	5.50	4.000	8.002	0.500	0.620	3.008	0.102	18.432	0.294	6.8
SE592040-184000	1985-01-01	6.50	4.000	8.001	0.500	0.621	3.008	0.101	18.433	0.295	6.8
SE592040-184000	1985-01-01	7.50	4.000	8.001	0.500	0.621	3.008	0.101	18.434	0.295	6.8
SE592040-184000	1985-01-01	8.50	4.000	8.000	0.500	0.621	3.007	0.101	18.436	0.295	6.8
SE592040-184000	1985-01-01	9.50	4.000	7.998	0.500	0.621	3.007	0.100	18.439	0.296	6.8
SE592040-184000	1985-01-01	65.50	4.000	7.978	0.503	0.623	3.063	0.100	18.482	0.296	6.8
SE592040-184000	1985-01-01	66.00	4.000	7.978	0.503	0.623	3.063	0.100	18.482	0.296	6.8
SE592040-184000	1985-01-02	0.00	4.000	8.046	0.501	0.618	3.032	0.105	18.415	0.281	6.9
SE592040-184000	1985-01-02	0.25	4.000	8.046	0.501	0.618	3.032	0.105	18.415	0.281	6.9
SE592040-184000	1985-01-02	0.75	4.000	8.045	0.501	0.620	3.031	0.105	18.439	0.286	6.9
SE592040-184000	1985-01-02	1.25	4.000	8.044	0.501	0.620	3.031	0.105	18.439	0.286	6.9
SE592040-184000	1985-01-02	1.75	4.000	8.044	0.501	0.620	3.031	0.105	18.438	0.286	6.9
SE592040-184000	1985-01-02	2.25	4.000	8.043	0.501	0.620	3.030	0.105	18.438	0.286	6.9
SE592040-184000	1985-01-02	2.75	4.000	8.043	0.501	0.620	3.030	0.105	18.438	0.286	6.9
SE592040-184000	1985-01-02	3.25	4.000	8.043	0.501	0.620	3.030	0.105	18.438	0.286	6.9
SE592040-184000	1985-01-02	3.75	4.000	8.042	0.501	0.620	3.030	0.105	18.438	0.286	6.9
SE592040-184000	1985-01-02	4.50	4.000	8.042	0.501	0.620	3.030	0.104	18.438	0.286	6.9
SE592040-184000	1985-01-02	5.50	4.000	8.041	0.501	0.620	3.030	0.104	18.438	0.287	6.9
SE592040-184000	1985-01-02	6.50	4.000	8.041	0.501	0.620	3.030	0.104	18.438	0.287	6.9
SE592040-184000	1985-01-02	7.50	4.000	8.040	0.501	0.620	3.030	0.104	18.439	0.287	6.9
SE592040-184000	1985-01-02	8.50	4.000	8.039	0.501	0.620	3.030	0.104	18.439	0.287	6.9
SE592040-184000	1985-01-02	9.50	4.000	8.039	0.501	0.620	3.030	0.104	18.439	0.287	6.9
SE592040-184000	1985-01-02	65.50	4.000	7.936	0.509	0.628	3.185	0.100	18.597	0.285	6.9
SE592040-184000	1985-01-02	66.00	4.000	7.936	0.509	0.628	3.185	0.100	18.597	0.285	6.9
SE592040-184000	1985-01-03	0.00	3.999	8.225	0.502	0.619	3.075	0.109	18.451	0.270	6.9
SE592040-184000	1985-01-03	0.25	3.999	8.225	0.502	0.619	3.075	0.109	18.451	0.270	6.9
SE592040-184000	1985-01-03	0.75	3.999	8.220	0.502	0.620	3.075	0.109	18.474	0.275	6.9
SE592040-184000	1985-01-03	1.25	3.999	8.217	0.502	0.620	3.074	0.109	18.473	0.275	6.9
SE592040-184000	1985-01-03	1.75	3.999	8.215	0.502	0.620	3.074	0.109	18.473	0.275	6.9
SE592040-184000	1985-01-03	2.25	3.999	8.213	0.502	0.620	3.073	0.109	18.472	0.275	6.9
SE592040-184000	1985-01-03	2.75	3.999	8.212	0.502	0.620	3.073	0.109	18.472	0.275	6.9
SE592040-184000	1985-01-03	3.25	3.999	8.211	0.502	0.620	3.073	0.109	18.472	0.275	6.9
SE592040-184000	1985-01-03	3.75	3.999	8.209	0.502	0.620	3.073	0.108	18.472	0.275	6.9
SE592040-184000	1985-01-03	4.50	3.999	8.208	0.502	0.620	3.073	0.108	18.471	0.275	6.9
SE592040-184000	1985-01-03	5.50	3.999	8.206	0.502	0.620	3.072	0.108	18.471	0.275	6.9
SE592040-184000	1985-01-03	6.50	3.999	8.205	0.502	0.620	3.072	0.108	18.471	0.275	6.9
SE592040-184000	1985-01-03	7.50	3.999	8.203	0.502	0.620	3.072	0.108	18.471	0.275	6.9
SE592040-184000	1985-01-03	8.50	3.999	8.202	0.502	0.620	3.072	0.108	18.471	0.275	6.9
SE592040-184000	1985-01-03	9.50	3.999	8.200	0.502	0.620	3.072	0.108	18.471	0.275	6.9
SE592040-184000	1985-01-03	65.50	4.000	7.895	0.514	0.633	3.304	0.100	18.713	0.271	6.9
SE592040-184000	1985-01-03	66.00	4.000	7.895	0.514	0.633	3.304	0.100	18.713	0.271	6.9
SE592040-184000	1985-01-04	0.00	3.998	8.567	0.503	0.619	3.115	0.112	18.484	0.259	6.9
SE592040-184000	1985-01-04	0.25	3.998	8.567	0.503	0.619	3.115	0.112	18.484	0.259	6.9
SE592040-184000	1985-01-04	0.75	3.998	8.561	0.503	0.620	3.115	0.112	18.506	0.263	6.9
SE592040-184000	1985-01-04	1.25	3.998	8.557	0.503	0.620	3.114	0.112	18.505	0.263	6.9
SE592040-184000	1985-01-04	1.75	3.999	8.555	0.503	0.620	3.114	0.112	18.505	0.263	6.9
SE592040-184000	1985-01-04	2.25	3.999	8.553	0.503	0.620	3.114	0.112	18.505	0.263	6.9
SE592040-184000	1985-01-04	2.75	3.999	8.552	0.503	0.620	3.114	0.112	18.504	0.263	6.9
SE592040-184000	1985-01-04	3.25	3.999	8.551	0.503	0.620	3.113	0.112	18.504	0.263	6.9
SE592040-184000	1985-01-04	3.75	3.999	8.549	0.503	0.620	3.114	0.112	18.505	0.263	6.9
SE592040-184000	1985-01-04	4.50	3.999	8.548	0.503	0.620	3.113	0.112	18.504	0.263	6.9
SE592040-184000	1985-01-04	5.50	3.999	8.546	0.503	0.620	3.113	0.112	18.504	0.263	6.9
SE592040-184000	1985-01-04	6.50	3.999	8.545	0.503	0.620	3.113	0.112	18.504	0.263	6.9
SE592040-184000	1985-01-04	7.50	3.999	8.544	0.503	0.620	3.113	0.112	18.504	0.263	6.9
SE592040-184000	1985-01-04	8.50	3.999	8.542	0.503	0.620	3.113	0.112	18.504	0.263	6.9
SE592040-184000	1985-01-04	9.50	3.999	8.541	0.503	0.620	3.113	0.112	18.504	0.263	6.9
SE592040-184000	1985-01-04	65.50	4.000	7.861	0.519	0.638	3.403	0.100	18.810	0.258	6.9
SE592040-184000	1985-01-04	66.00	4.000	7.861	0.519	0.638	3.403	0.100	18.810	0.258	6.9
SE592040-184000	1985-01-05	0.00	3.998	8.853	0.504	0.619	3.153	0.116	18.514	0.249	6.9
SE592040-184000	1985-01-05	0.25	3.998	8.853	0.504	0.619	3.153	0.116	18.514	0.249	6.9
SE592040-184000	1985-01-05	0.75	3.998	8.849	0.504	0.620	3.153	0.116	18.535	0.253	6.9
SE592040-184000	1985-01-05	1.25	3.998	8.846	0.504	0.620	3.152	0.116	18.534	0.253	6.9
SE592040-184000	1985-01-05	1.75	3.998	8.844	0.504	0.620	3.152	0.116	18.534	0.253	6.9
SE592040-184000	1985-01-05	2.25	3.998	8.843	0.504	0.620	3.152	0.116	18.533	0.253	6.9
SE592040-184000	1985-01-05	2.75	3.998	8.842	0.504	0.620	3.151	0.116	18.533	0.253	6.9
SE592040-184000	1985-01-05	3.25	3.998	8.841	0.504	0.620	3.151	0.116	18.533	0.253	6.9
SE592040-184000	1985-01-05	3.75	3.998	8.839	0.504	0.620	3.152	0.116	18.533	0.253	6.9
SE592040-184000	1985-01-05	4.50	3.998	8.838	0.504	0.620	3.151	0.116	18.533	0.253	6.9
SE592040-184000	1985-01-05	5.50	3.998	8.837	0.504	0.620	3.151	0.116	18.533	0.253	6.9
SE592040-184000	1985-01-05	6.50	3.998	8.835	0.504	0.620	3.151	0.116	18.533	0.253	6.9
SE592040-184000	1985-01-05	7.50	3.998	8.834	0.504	0.620	3.151	0.115	18.533	0.253	6.9
SE592040-184000	1985-01-05	8.50	3.998	8.832	0.504	0.620	3.151	0.115	18.533	0.253	6.9
SE592040-184000	1985-01-05	9.50	3.998	8.831	0.504	0.620	3.151	0.115	18.532	0.253	6.9
SE592040-184000	1985-01-05	65.50	4.000	7.830	0.523	0.642	3.493	0.100	18.899	0.245	6.9
SE592040-184000	1985-01-05	66.00	4.000	7.830	0.523	0.642	3.493	0.100	18.899	0.245	6.9
SE592040-184000	1985-01-06	0.00	3.996	8.877	0.504	0.618	3.210	0.127	18.562	0.240	7.0
SE592040-184000	1985-01-06	0.25	3.996	8.877	0.504	0.618	3.210	0.127	18.562	0.240	7.0
SE592040-184000	1985-01-06	0.75	3.996	8.877	0.504	0.619	3.210	0.126	18.577	0.244	7.0
SE592040-184000	1985-01-06	1.25	3.996	8.877	0.504	0.619	3.207	0.126	18.575	0.244	7.0
SE592040-184000	1985-01-06	1.75	3.997	8.877	0.504	0.619	3.205	0.125	18.572	0.245	7.0
SE592040-184000	1985-01-06	2.25	3.997	8.877	0.504	0.619	3.203	0.124	18.571	0.245	7.0
SE592040-184000	1985-01-06	2.75	3.997	8.877	0.504	0.619	3.201	0.124	18.569	0.245	7.0
SE592040-184000	1985-01-06	3.25	3.997	8.877	0.504	0.619	3.198	0.123	18.567	0.246	7.0
SE592040-184000	1985-01-06	3.75	3.997	8.877	0.504	0.620	3.195	0.122	18.565	0.246	7.0
SE592040-184000	1985-01-06	4.50	3.997	8.877	0.504	0.620	3.191	0.121	18.562	0.247	7.0
SE592040-184000	1985-01-06	5.50	3.997	8.876	0.504	0.620	3.187	0.120	18.560	0.247	7.0
SE592040-184000	1985-01-06	6.50	3.997	8.876	0.504	0.620	3.184	0.119	18.558	0.247	7.0
SE592040-184000	1985-01-06	7.50	3.997	8.875	0.504	0.620	3.182	0.118	18.557	0.246	7.0
SE592040-184000	1985-01-06	8.50	3.997	8.874	0.505	0.620	3.181	0.118	18.556	0.245	7.0
SE592040-184000	1985-01-06	9.50	3.998	8.872	0.505	0.620	3.179	0.117	18.555	0.244	7.0
SE592040-184000	1985-01-06	65.50	4.000	7.800	0.527	0.646	3.579	0.100	18.982	0.233	7.0
SE592040-184000	1985-01-06	66.00	4.000	7.800	0.527	0.646	3.579	0.100	18.982	0.233	7.0
SE592040-184000	1985-01-07	0.00	3.995	8.869	0.505	0.617	3.271	0.139	18.616	0.233	7.0
SE592040-184000	1985-01-07	0.25	3.995	8.869	0.505	0.617	3.271	0.139	18.616	0.233	7.0
SE592040-184000	1985-01-07	0.75	3.995	8.869	0.505	0.618	3.270	0.138	18.628	0.237	7.0
SE592040-184000	1985-01-07	1.25	3.995	8.869	0.505	0.618	3.268	0.137	18.625	0.237	7.0
SE592040-184000	1985-01-07	1.75	3.995	8.870	0.505	0.618	3.266	0.137	18.623	0.237	7.0
SE592040-184000	1985-01-07	2.25	3.995	8.870	0.505	0.618	3.264	0.136	18.620	0.237	7.0
SE592040-184000	1985-01-07	2.75	3.995	8.870	0.505	0.618	3.261	0.135	18.618	0.238	7.0
SE592040-184000	1985-01-07	3.25	3.995	8.870	0.505	0.618	3.259	0.135	18.616	0.238	7.0
SE592040-184000	1985-01-07	3.75	3.995	8.870	0.505	0.618	3.256	0.134	18.613	0.239	7.0
SE592040-184000	1985-01-07	4.50	3.995	8.870	0.505	0.618	3.251	0.132	18.609	0.239	7.0
SE592040-184000	1985-01-07	5.50	3.997	8.870	0.505	0.619	3.206	0.119	18.562	0.242	7.0
SE592040-184000	1985-01-07	6.50	3.997	8.868	0.505	0.620	3.199	0.117	18.563	0.241	7.0
SE592040-184000	1985-01-07	7.50	3.997	8.866	0.505	0.621	3.198	0.117	18.566	0.239	7.0
SE592040-184000	1985-01-07	8.50	3.997	8.863	0.505	0.621	3.197	0.116	18.568	0.237	7.0
SE592040-184000	1985-01-07	9.50	3.998	8.860	0.505	0.621	3.197	0.116	18.569	0.235	7.0
SE592040-184000	1985-01-07	65.50	4.000	7.772	0.531	0.649	3.660	0.100	19.060	0.221	7.0
SE592040-184000	1985-01-07	66.00	4.000	7.772	0.531	0.649	3.660	0.100	19.060	0.221	7.0
SE592040-184000	1985-01-08	0.00	3.994	8.860	0.505	0.617	3.324	0.148	18.670	0.229	7.0
SE592040-184000	1985-01-08	0.25	3.994	8.860	0.505	0.617	3.324	0.148	18.670	0.229	7.0
SE592040-184000	1985-01-08	0.75	3.994	8.860	0.505	0.618	3.323	0.147	18.679	0.233	7.0
SE592040-184000	1985-01-08	1.25	3.994	8.860	0.505	0.618	3.321	0.147	18.676	0.233	7.0
SE592040-184000	1985-01-08	1.75	3.994	8.860	0.505	0.618	3.318	0.146	18.673	0.234	7.0
SE592040-184000	1985-01-08	2.25	3.994	8.860	0.505	0.618	3.316	0.145	18.671	0.234	7.0
SE592040-184000	1985-01-08	2.75	3.994	8.860	0.505	0.618	3.313	0.145	18.668	0.234	7.0
SE592040-184000	1985-01-08	3.25	3.994	8.859	0.505	0.618	3.311	0.144	18.666	0.235	7.0
SE592040-184000	1985-01-08	3.75	3.994	8.859	0.505	0.618	3.308	0.143	18.663	0.235	7.0
SE592040-184000	1985-01-08	4.50	3.994	8.858	0.505	0.618	3.302	0.142	18.656	0.236	7.0
SE592040-184000	1985-01-08	5.50	3.997	8.861	0.505	0.619	3.232	0.121	18.574	0.237	7.0
SE592040-184000	1985-01-08	6.50	3.997	8.860	0.505	0.619	3.217	0.116	18.562	0.236	7.0
SE592040-184000	1985-01-08	7.50	3.997	8.858	0.506	0.620	3.214	0.115	18.566	0.234	7.0
SE592040-184000	1985-01-08	8.50	3.997	8.854	0.506	0.621	3.214	0.115	18.571	0.231	7.0
SE592040-184000	1985-01-08	9.50	3.998	8.851	0.506	0.621	3.215	0.115	18.576	0.229	7.0
SE592040-184000	1985-01-08	65.50	4.000	7.745	0.534	0.653	3.740	0.100	19.134	0.210	7.0
SE592040-184000	1985-01-08	66.00	4.000	7.745	0.534	0.653	3.740	0.100	19.134	0.210	7.0
