EUCD	YYYY-MM-DD	Djup(m)	Salt (psu o/oo)	O2 (ml/l)	PO4 (µmol/l)	TotP (µmol/l)	NO3 (µmol/l)	NH4 (µmol/l)	TotN (µmol/l)	Chla (ug/l)	Siktdjup (m)
SE583720-172571	1985-01-01	0.00	4.000	8.005	0.500	0.618	3.004	0.102	18.401	0.289	6.8
SE583720-172571	1985-01-01	0.25	4.000	8.005	0.500	0.618	3.004	0.102	18.401	0.289	6.8
SE583720-172571	1985-01-01	0.75	4.000	8.004	0.500	0.620	3.004	0.102	18.428	0.294	6.8
SE583720-172571	1985-01-01	1.25	4.000	8.004	0.500	0.620	3.004	0.102	18.428	0.294	6.8
SE583720-172571	1985-01-01	1.75	4.000	8.004	0.500	0.620	3.004	0.102	18.428	0.294	6.8
SE583720-172571	1985-01-01	2.25	4.000	8.003	0.500	0.620	3.004	0.102	18.428	0.295	6.8
SE583720-172571	1985-01-01	2.75	4.000	8.003	0.500	0.620	3.004	0.102	18.428	0.295	6.8
SE583720-172571	1985-01-01	3.25	4.000	8.003	0.500	0.620	3.003	0.101	18.428	0.295	6.8
SE583720-172571	1985-01-01	3.75	4.000	8.003	0.500	0.620	3.003	0.101	18.429	0.295	6.8
SE583720-172571	1985-01-01	4.50	4.000	8.003	0.500	0.620	3.003	0.101	18.429	0.295	6.8
SE583720-172571	1985-01-01	5.50	4.000	8.002	0.500	0.620	3.003	0.101	18.429	0.295	6.8
SE583720-172571	1985-01-01	6.50	4.000	8.002	0.500	0.620	3.003	0.101	18.430	0.295	6.8
SE583720-172571	1985-01-01	7.50	4.000	8.002	0.500	0.620	3.003	0.101	18.430	0.295	6.8
SE583720-172571	1985-01-01	8.50	4.000	8.001	0.500	0.621	3.003	0.101	18.431	0.295	6.8
SE583720-172571	1985-01-01	9.50	4.000	8.001	0.500	0.621	3.002	0.100	18.432	0.296	6.8
SE583720-172571	1985-01-01	132.50	4.000	7.994	0.501	0.621	3.017	0.100	18.448	0.297	6.8
SE583720-172571	1985-01-01	135.00	4.000	7.994	0.501	0.621	3.017	0.100	18.448	0.297	6.8
SE583720-172571	1985-01-02	0.00	4.000	8.078	0.500	0.618	3.011	0.102	18.404	0.283	6.8
SE583720-172571	1985-01-02	0.25	4.000	8.078	0.500	0.618	3.011	0.102	18.404	0.283	6.8
SE583720-172571	1985-01-02	0.75	4.000	8.074	0.500	0.620	3.011	0.102	18.431	0.287	6.8
SE583720-172571	1985-01-02	1.25	4.000	8.071	0.500	0.620	3.011	0.102	18.431	0.287	6.8
SE583720-172571	1985-01-02	1.75	4.000	8.069	0.500	0.620	3.011	0.102	18.431	0.287	6.8
SE583720-172571	1985-01-02	2.25	4.000	8.068	0.500	0.620	3.011	0.102	18.431	0.287	6.8
SE583720-172571	1985-01-02	2.75	4.000	8.067	0.500	0.620	3.011	0.102	18.431	0.288	6.8
SE583720-172571	1985-01-02	3.25	4.000	8.066	0.500	0.620	3.011	0.102	18.431	0.288	6.8
SE583720-172571	1985-01-02	3.75	4.000	8.065	0.500	0.620	3.011	0.102	18.431	0.288	6.8
SE583720-172571	1985-01-02	4.50	4.000	8.064	0.500	0.620	3.011	0.102	18.431	0.288	6.8
SE583720-172571	1985-01-02	5.50	4.000	8.062	0.500	0.620	3.011	0.102	18.431	0.288	6.8
SE583720-172571	1985-01-02	6.50	4.000	8.061	0.500	0.620	3.011	0.102	18.431	0.288	6.8
SE583720-172571	1985-01-02	7.50	4.000	8.060	0.500	0.620	3.011	0.102	18.431	0.288	6.8
SE583720-172571	1985-01-02	8.50	4.000	8.059	0.500	0.620	3.011	0.102	18.432	0.288	6.8
SE583720-172571	1985-01-02	9.50	4.000	8.058	0.500	0.620	3.011	0.102	18.432	0.288	6.8
SE583720-172571	1985-01-02	132.50	4.000	7.977	0.503	0.623	3.066	0.100	18.483	0.285	6.8
SE583720-172571	1985-01-02	135.00	4.000	7.977	0.503	0.623	3.066	0.100	18.483	0.285	6.8
SE583720-172571	1985-01-03	0.00	4.675	8.346	0.501	0.604	3.262	0.147	18.026	0.536	7.0
SE583720-172571	1985-01-03	0.25	4.675	8.346	0.501	0.604	3.262	0.147	18.026	0.536	7.0
SE583720-172571	1985-01-03	0.75	4.676	8.341	0.501	0.606	3.262	0.147	18.053	0.546	7.0
SE583720-172571	1985-01-03	1.25	4.677	8.338	0.501	0.606	3.263	0.147	18.053	0.546	7.0
SE583720-172571	1985-01-03	1.75	4.678	8.336	0.501	0.606	3.263	0.147	18.052	0.546	7.0
SE583720-172571	1985-01-03	2.25	4.678	8.334	0.501	0.606	3.263	0.147	18.051	0.547	7.0
SE583720-172571	1985-01-03	2.75	4.679	8.333	0.501	0.606	3.263	0.147	18.051	0.547	7.0
SE583720-172571	1985-01-03	3.25	4.679	8.331	0.501	0.606	3.263	0.147	18.051	0.547	7.0
SE583720-172571	1985-01-03	3.75	4.680	8.330	0.501	0.606	3.263	0.147	18.050	0.547	7.0
SE583720-172571	1985-01-03	4.50	4.680	8.329	0.501	0.606	3.263	0.147	18.050	0.548	7.0
SE583720-172571	1985-01-03	5.50	4.681	8.327	0.501	0.606	3.264	0.147	18.050	0.548	7.0
SE583720-172571	1985-01-03	6.50	4.682	8.325	0.501	0.606	3.264	0.147	18.049	0.548	7.0
SE583720-172571	1985-01-03	7.50	4.682	8.324	0.501	0.606	3.264	0.147	18.049	0.548	7.0
SE583720-172571	1985-01-03	8.50	4.683	8.323	0.501	0.606	3.264	0.147	18.049	0.549	7.0
SE583720-172571	1985-01-03	9.50	4.683	8.321	0.501	0.606	3.264	0.147	18.048	0.549	7.0
SE583720-172571	1985-01-03	132.50	6.672	6.703	0.938	1.043	3.665	0.212	17.700	0.546	7.0
SE583720-172571	1985-01-03	135.00	6.672	6.703	0.938	1.043	3.665	0.212	17.700	0.546	7.0
SE583720-172571	1985-01-04	0.00	5.071	8.657	0.504	0.599	3.394	0.167	17.865	0.636	7.0
SE583720-172571	1985-01-04	0.25	5.071	8.657	0.504	0.599	3.394	0.167	17.865	0.636	7.0
SE583720-172571	1985-01-04	0.75	5.071	8.651	0.504	0.601	3.394	0.167	17.895	0.647	7.0
SE583720-172571	1985-01-04	1.25	5.072	8.648	0.504	0.601	3.394	0.167	17.895	0.647	7.0
SE583720-172571	1985-01-04	1.75	5.073	8.646	0.504	0.601	3.394	0.167	17.894	0.647	7.0
SE583720-172571	1985-01-04	2.25	5.073	8.645	0.504	0.601	3.394	0.167	17.894	0.648	7.0
SE583720-172571	1985-01-04	2.75	5.073	8.643	0.504	0.601	3.394	0.167	17.894	0.648	7.0
SE583720-172571	1985-01-04	3.25	5.074	8.642	0.504	0.601	3.394	0.167	17.894	0.648	7.0
SE583720-172571	1985-01-04	3.75	5.074	8.641	0.504	0.601	3.394	0.167	17.894	0.648	7.0
SE583720-172571	1985-01-04	4.50	5.074	8.640	0.504	0.601	3.394	0.167	17.893	0.648	7.0
SE583720-172571	1985-01-04	5.50	5.074	8.639	0.504	0.601	3.394	0.167	17.893	0.648	7.0
SE583720-172571	1985-01-04	6.50	5.075	8.637	0.504	0.601	3.394	0.167	17.893	0.648	7.0
SE583720-172571	1985-01-04	7.50	5.075	8.636	0.504	0.601	3.394	0.167	17.893	0.648	7.0
SE583720-172571	1985-01-04	8.50	5.075	8.635	0.504	0.601	3.394	0.167	17.893	0.648	7.0
SE583720-172571	1985-01-04	9.50	5.076	8.634	0.504	0.601	3.394	0.167	17.893	0.648	7.0
SE583720-172571	1985-01-04	132.50	7.070	5.897	1.201	1.296	4.072	0.270	17.336	0.665	7.0
SE583720-172571	1985-01-04	135.00	7.070	5.897	1.201	1.296	4.072	0.270	17.336	0.665	7.0
SE583720-172571	1985-01-05	0.00	5.325	8.827	0.505	0.595	3.482	0.178	17.784	0.685	7.0
SE583720-172571	1985-01-05	0.25	5.325	8.827	0.505	0.595	3.482	0.178	17.784	0.685	7.0
SE583720-172571	1985-01-05	0.75	5.326	8.824	0.505	0.597	3.482	0.178	17.816	0.697	7.0
SE583720-172571	1985-01-05	1.25	5.326	8.822	0.505	0.597	3.482	0.178	17.815	0.697	7.0
SE583720-172571	1985-01-05	1.75	5.327	8.820	0.505	0.597	3.482	0.178	17.815	0.697	7.0
SE583720-172571	1985-01-05	2.25	5.328	8.819	0.505	0.597	3.482	0.178	17.815	0.697	7.0
SE583720-172571	1985-01-05	2.75	5.328	8.818	0.505	0.597	3.482	0.178	17.814	0.697	7.0
SE583720-172571	1985-01-05	3.25	5.328	8.818	0.505	0.597	3.482	0.178	17.814	0.697	7.0
SE583720-172571	1985-01-05	3.75	5.329	8.817	0.505	0.597	3.482	0.178	17.814	0.697	7.0
SE583720-172571	1985-01-05	4.50	5.329	8.816	0.505	0.597	3.482	0.178	17.814	0.698	7.0
SE583720-172571	1985-01-05	5.50	5.330	8.815	0.505	0.597	3.482	0.178	17.813	0.698	7.0
SE583720-172571	1985-01-05	6.50	5.330	8.814	0.505	0.597	3.482	0.178	17.813	0.698	7.0
SE583720-172571	1985-01-05	7.50	5.330	8.813	0.505	0.597	3.482	0.178	17.813	0.698	7.0
SE583720-172571	1985-01-05	8.50	5.331	8.812	0.505	0.597	3.482	0.178	17.813	0.698	7.0
SE583720-172571	1985-01-05	9.50	5.331	8.812	0.505	0.597	3.482	0.178	17.813	0.698	7.0
SE583720-172571	1985-01-05	132.50	7.351	5.325	1.387	1.477	4.371	0.306	17.125	0.730	7.0
SE583720-172571	1985-01-05	135.00	7.351	5.325	1.387	1.477	4.371	0.306	17.125	0.730	7.0
SE583720-172571	1985-01-06	0.00	5.424	8.890	0.504	0.591	3.550	0.184	17.758	0.708	7.1
SE583720-172571	1985-01-06	0.25	5.424	8.890	0.504	0.591	3.550	0.184	17.758	0.708	7.1
SE583720-172571	1985-01-06	0.75	5.424	8.888	0.504	0.593	3.550	0.183	17.789	0.720	7.1
SE583720-172571	1985-01-06	1.25	5.426	8.886	0.504	0.593	3.550	0.183	17.788	0.721	7.1
SE583720-172571	1985-01-06	1.75	5.428	8.884	0.504	0.593	3.550	0.183	17.787	0.721	7.1
SE583720-172571	1985-01-06	2.25	5.430	8.883	0.504	0.593	3.550	0.183	17.786	0.722	7.1
SE583720-172571	1985-01-06	2.75	5.431	8.882	0.504	0.593	3.550	0.183	17.785	0.722	7.1
SE583720-172571	1985-01-06	3.25	5.433	8.881	0.504	0.593	3.550	0.183	17.784	0.723	7.1
SE583720-172571	1985-01-06	3.75	5.435	8.879	0.504	0.593	3.550	0.183	17.783	0.723	7.1
SE583720-172571	1985-01-06	4.50	5.437	8.878	0.504	0.593	3.550	0.183	17.781	0.724	7.1
SE583720-172571	1985-01-06	5.50	5.442	8.874	0.504	0.593	3.550	0.183	17.779	0.726	7.1
SE583720-172571	1985-01-06	6.50	5.447	8.871	0.504	0.593	3.550	0.183	17.777	0.728	7.1
SE583720-172571	1985-01-06	7.50	5.455	8.865	0.505	0.593	3.550	0.183	17.773	0.731	7.1
SE583720-172571	1985-01-06	8.50	5.468	8.857	0.505	0.593	3.550	0.183	17.768	0.735	7.1
SE583720-172571	1985-01-06	9.50	5.489	8.844	0.505	0.594	3.551	0.183	17.758	0.741	7.1
SE583720-172571	1985-01-06	132.50	7.565	4.889	1.530	1.615	4.605	0.329	17.000	0.763	7.1
SE583720-172571	1985-01-06	135.00	7.565	4.889	1.530	1.615	4.605	0.329	17.000	0.763	7.1
SE583720-172571	1985-01-07	0.00	5.600	8.961	0.505	0.588	3.612	0.189	17.703	0.729	7.1
SE583720-172571	1985-01-07	0.25	5.600	8.961	0.505	0.588	3.612	0.189	17.703	0.729	7.1
SE583720-172571	1985-01-07	0.75	5.600	8.957	0.506	0.591	3.612	0.189	17.739	0.742	7.1
SE583720-172571	1985-01-07	1.25	5.601	8.955	0.506	0.591	3.612	0.189	17.739	0.742	7.1
SE583720-172571	1985-01-07	1.75	5.601	8.954	0.506	0.591	3.612	0.189	17.738	0.742	7.1
SE583720-172571	1985-01-07	2.25	5.602	8.953	0.506	0.591	3.612	0.189	17.738	0.742	7.1
SE583720-172571	1985-01-07	2.75	5.602	8.952	0.506	0.591	3.612	0.189	17.738	0.742	7.1
SE583720-172571	1985-01-07	3.25	5.603	8.951	0.506	0.591	3.612	0.189	17.738	0.742	7.1
SE583720-172571	1985-01-07	3.75	5.603	8.950	0.506	0.591	3.612	0.189	17.737	0.742	7.1
SE583720-172571	1985-01-07	4.50	5.603	8.949	0.506	0.591	3.612	0.189	17.737	0.742	7.1
SE583720-172571	1985-01-07	5.50	5.604	8.948	0.506	0.591	3.612	0.189	17.737	0.743	7.1
SE583720-172571	1985-01-07	6.50	5.604	8.947	0.506	0.591	3.612	0.189	17.737	0.743	7.1
SE583720-172571	1985-01-07	7.50	5.605	8.946	0.506	0.591	3.612	0.189	17.737	0.743	7.1
SE583720-172571	1985-01-07	8.50	5.605	8.946	0.506	0.591	3.612	0.189	17.737	0.743	7.1
SE583720-172571	1985-01-07	9.50	5.606	8.945	0.506	0.591	3.612	0.189	17.737	0.743	7.1
SE583720-172571	1985-01-07	132.50	7.735	4.539	1.645	1.726	4.795	0.345	16.928	0.777	7.1
SE583720-172571	1985-01-07	135.00	7.735	4.539	1.645	1.726	4.795	0.345	16.928	0.777	7.1
SE583720-172571	1985-01-08	0.00	5.671	9.025	0.505	0.585	3.659	0.191	17.703	0.725	7.1
SE583720-172571	1985-01-08	0.25	5.671	9.025	0.505	0.585	3.659	0.191	17.703	0.725	7.1
SE583720-172571	1985-01-08	0.75	5.671	9.021	0.505	0.587	3.659	0.191	17.739	0.737	7.1
SE583720-172571	1985-01-08	1.25	5.673	9.020	0.505	0.587	3.659	0.191	17.738	0.737	7.1
SE583720-172571	1985-01-08	1.75	5.674	9.018	0.505	0.587	3.659	0.191	17.738	0.738	7.1
SE583720-172571	1985-01-08	2.25	5.675	9.017	0.505	0.587	3.659	0.191	17.737	0.738	7.1
SE583720-172571	1985-01-08	2.75	5.676	9.016	0.505	0.587	3.659	0.191	17.737	0.738	7.1
SE583720-172571	1985-01-08	3.25	5.677	9.015	0.505	0.587	3.659	0.191	17.736	0.739	7.1
SE583720-172571	1985-01-08	3.75	5.678	9.014	0.505	0.587	3.659	0.190	17.736	0.739	7.1
SE583720-172571	1985-01-08	4.50	5.679	9.013	0.505	0.587	3.659	0.190	17.735	0.739	7.1
SE583720-172571	1985-01-08	5.50	5.681	9.011	0.505	0.587	3.659	0.190	17.735	0.740	7.1
SE583720-172571	1985-01-08	6.50	5.682	9.009	0.505	0.587	3.659	0.190	17.734	0.740	7.1
SE583720-172571	1985-01-08	7.50	5.684	9.007	0.505	0.587	3.659	0.190	17.733	0.741	7.1
SE583720-172571	1985-01-08	8.50	5.686	9.005	0.505	0.587	3.659	0.190	17.733	0.742	7.1
SE583720-172571	1985-01-08	9.50	5.688	9.003	0.505	0.588	3.659	0.190	17.732	0.742	7.1
SE583720-172571	1985-01-08	132.50	7.878	4.248	1.741	1.821	4.953	0.354	16.891	0.779	7.1
SE583720-172571	1985-01-08	135.00	7.878	4.248	1.741	1.821	4.953	0.354	16.891	0.779	7.1
