EUCD	YYYY-MM-DD	Djup(m)	Salt (psu o/oo)	O2 (ml/l)	PO4 (µmol/l)	TotP (µmol/l)	NO3 (µmol/l)	NH4 (µmol/l)	TotN (µmol/l)	Chla (ug/l)	Siktdjup (m)
SE592500-191750	1985-01-01	0.00	4.000	8.005	0.500	0.619	3.005	0.102	18.401	0.290	6.8
SE592500-191750	1985-01-01	0.25	4.000	8.005	0.500	0.619	3.005	0.102	18.401	0.290	6.8
SE592500-191750	1985-01-01	0.75	4.000	8.004	0.500	0.620	3.004	0.102	18.429	0.294	6.8
SE592500-191750	1985-01-01	1.25	4.000	8.004	0.500	0.620	3.005	0.102	18.429	0.295	6.8
SE592500-191750	1985-01-01	1.75	4.000	8.003	0.500	0.620	3.004	0.102	18.429	0.295	6.8
SE592500-191750	1985-01-01	2.25	4.000	8.003	0.500	0.620	3.004	0.102	18.429	0.295	6.8
SE592500-191750	1985-01-01	2.75	4.000	8.003	0.500	0.620	3.004	0.101	18.429	0.295	6.8
SE592500-191750	1985-01-01	3.25	4.000	8.003	0.500	0.620	3.004	0.101	18.429	0.295	6.8
SE592500-191750	1985-01-01	3.75	4.000	8.003	0.500	0.620	3.004	0.101	18.429	0.295	6.8
SE592500-191750	1985-01-01	4.50	4.000	8.003	0.500	0.620	3.004	0.101	18.429	0.295	6.8
SE592500-191750	1985-01-01	5.50	4.000	8.002	0.500	0.620	3.003	0.101	18.430	0.295	6.8
SE592500-191750	1985-01-01	6.50	4.000	8.002	0.500	0.620	3.003	0.101	18.430	0.295	6.8
SE592500-191750	1985-01-01	7.50	4.000	8.002	0.500	0.620	3.003	0.101	18.430	0.295	6.8
SE592500-191750	1985-01-01	8.50	4.000	8.001	0.500	0.621	3.003	0.101	18.431	0.295	6.8
SE592500-191750	1985-01-01	9.50	4.000	8.001	0.500	0.621	3.003	0.101	18.432	0.295	6.8
SE592500-191750	1985-01-01	126.75	4.000	7.994	0.501	0.622	3.019	0.100	18.450	0.297	6.8
SE592500-191750	1985-01-01	129.00	4.000	7.994	0.501	0.622	3.019	0.100	18.450	0.297	6.8
SE592500-191750	1985-01-02	0.00	4.000	8.052	0.500	0.618	3.012	0.103	18.402	0.282	6.8
SE592500-191750	1985-01-02	0.25	4.000	8.052	0.500	0.618	3.012	0.103	18.402	0.282	6.8
SE592500-191750	1985-01-02	0.75	4.000	8.049	0.500	0.620	3.012	0.103	18.430	0.286	6.8
SE592500-191750	1985-01-02	1.25	4.000	8.048	0.500	0.620	3.012	0.103	18.430	0.286	6.8
SE592500-191750	1985-01-02	1.75	4.000	8.047	0.500	0.620	3.012	0.102	18.430	0.286	6.8
SE592500-191750	1985-01-02	2.25	4.000	8.046	0.500	0.620	3.012	0.102	18.429	0.286	6.8
SE592500-191750	1985-01-02	2.75	4.000	8.045	0.500	0.620	3.012	0.102	18.429	0.286	6.8
SE592500-191750	1985-01-02	3.25	4.000	8.045	0.500	0.620	3.011	0.102	18.429	0.286	6.8
SE592500-191750	1985-01-02	3.75	4.000	8.044	0.500	0.620	3.012	0.102	18.429	0.286	6.8
SE592500-191750	1985-01-02	4.50	4.000	8.044	0.500	0.620	3.011	0.102	18.429	0.286	6.8
SE592500-191750	1985-01-02	5.50	4.000	8.043	0.500	0.620	3.011	0.102	18.430	0.286	6.8
SE592500-191750	1985-01-02	6.50	4.000	8.042	0.500	0.620	3.011	0.102	18.430	0.286	6.8
SE592500-191750	1985-01-02	7.50	4.000	8.041	0.500	0.620	3.011	0.102	18.430	0.287	6.8
SE592500-191750	1985-01-02	8.50	4.000	8.040	0.500	0.620	3.011	0.102	18.430	0.287	6.8
SE592500-191750	1985-01-02	9.50	4.000	8.040	0.500	0.620	3.011	0.102	18.430	0.287	6.8
SE592500-191750	1985-01-02	126.75	4.000	7.975	0.503	0.623	3.073	0.100	18.489	0.285	6.8
SE592500-191750	1985-01-02	129.00	4.000	7.975	0.503	0.623	3.073	0.100	18.489	0.285	6.8
SE592500-191750	1985-01-03	0.00	4.000	8.157	0.501	0.618	3.025	0.103	18.409	0.269	6.9
SE592500-191750	1985-01-03	0.25	4.000	8.157	0.501	0.618	3.025	0.103	18.409	0.269	6.9
SE592500-191750	1985-01-03	0.75	4.000	8.151	0.501	0.620	3.025	0.103	18.436	0.274	6.9
SE592500-191750	1985-01-03	1.25	4.000	8.148	0.501	0.620	3.026	0.103	18.436	0.274	6.9
SE592500-191750	1985-01-03	1.75	4.000	8.146	0.501	0.620	3.025	0.103	18.436	0.274	6.9
SE592500-191750	1985-01-03	2.25	4.000	8.144	0.501	0.620	3.025	0.103	18.436	0.274	6.9
SE592500-191750	1985-01-03	2.75	4.000	8.142	0.501	0.620	3.025	0.103	18.436	0.274	6.9
SE592500-191750	1985-01-03	3.25	4.000	8.141	0.501	0.620	3.025	0.103	18.436	0.274	6.9
SE592500-191750	1985-01-03	3.75	4.000	8.140	0.501	0.620	3.025	0.103	18.436	0.274	6.9
SE592500-191750	1985-01-03	4.50	4.000	8.139	0.501	0.620	3.025	0.103	18.436	0.274	6.9
SE592500-191750	1985-01-03	5.50	4.000	8.137	0.501	0.620	3.025	0.103	18.436	0.274	6.9
SE592500-191750	1985-01-03	6.50	4.000	8.135	0.501	0.620	3.025	0.103	18.436	0.274	6.9
SE592500-191750	1985-01-03	7.50	4.000	8.134	0.501	0.620	3.025	0.103	18.436	0.274	6.9
SE592500-191750	1985-01-03	8.50	4.000	8.133	0.501	0.620	3.025	0.103	18.436	0.274	6.9
SE592500-191750	1985-01-03	9.50	4.000	8.132	0.501	0.620	3.025	0.103	18.436	0.274	6.9
SE592500-191750	1985-01-03	126.75	4.710	8.383	0.444	0.543	3.646	0.106	17.689	0.666	6.9
SE592500-191750	1985-01-03	129.00	4.710	8.383	0.444	0.543	3.646	0.106	17.689	0.666	6.9
SE592500-191750	1985-01-04	0.00	4.015	8.365	0.500	0.617	3.052	0.104	18.400	0.265	6.9
SE592500-191750	1985-01-04	0.25	4.015	8.365	0.500	0.617	3.052	0.104	18.400	0.265	6.9
SE592500-191750	1985-01-04	0.75	4.015	8.359	0.500	0.618	3.052	0.104	18.427	0.270	6.9
SE592500-191750	1985-01-04	1.25	4.015	8.355	0.500	0.618	3.053	0.104	18.427	0.270	6.9
SE592500-191750	1985-01-04	1.75	4.015	8.353	0.500	0.618	3.053	0.104	18.427	0.270	6.9
SE592500-191750	1985-01-04	2.25	4.015	8.351	0.500	0.618	3.053	0.104	18.427	0.270	6.9
SE592500-191750	1985-01-04	2.75	4.015	8.350	0.500	0.618	3.052	0.104	18.427	0.270	6.9
SE592500-191750	1985-01-04	3.25	4.015	8.349	0.500	0.618	3.052	0.104	18.427	0.270	6.9
SE592500-191750	1985-01-04	3.75	4.015	8.347	0.500	0.618	3.052	0.104	18.427	0.270	6.9
SE592500-191750	1985-01-04	4.50	4.015	8.346	0.500	0.618	3.052	0.104	18.427	0.270	6.9
SE592500-191750	1985-01-04	5.50	4.015	8.344	0.500	0.618	3.052	0.103	18.427	0.270	6.9
SE592500-191750	1985-01-04	6.50	4.015	8.343	0.500	0.618	3.052	0.103	18.427	0.270	6.9
SE592500-191750	1985-01-04	7.50	4.015	8.341	0.500	0.618	3.052	0.103	18.427	0.270	6.9
SE592500-191750	1985-01-04	8.50	4.015	8.340	0.500	0.618	3.053	0.103	18.427	0.270	6.9
SE592500-191750	1985-01-04	9.50	4.015	8.339	0.500	0.618	3.053	0.103	18.426	0.270	6.9
SE592500-191750	1985-01-04	126.75	5.075	8.491	0.425	0.514	3.937	0.111	17.379	0.803	6.9
SE592500-191750	1985-01-04	129.00	5.075	8.491	0.425	0.514	3.937	0.111	17.379	0.803	6.9
SE592500-191750	1985-01-05	0.00	4.045	8.579	0.497	0.612	3.092	0.105	18.365	0.270	6.9
SE592500-191750	1985-01-05	0.25	4.045	8.579	0.497	0.612	3.092	0.105	18.365	0.270	6.9
SE592500-191750	1985-01-05	0.75	4.045	8.574	0.497	0.614	3.092	0.105	18.392	0.275	6.9
SE592500-191750	1985-01-05	1.25	4.045	8.571	0.497	0.614	3.092	0.105	18.392	0.275	6.9
SE592500-191750	1985-01-05	1.75	4.046	8.569	0.497	0.614	3.092	0.105	18.392	0.275	6.9
SE592500-191750	1985-01-05	2.25	4.046	8.568	0.497	0.614	3.092	0.105	18.392	0.275	6.9
SE592500-191750	1985-01-05	2.75	4.046	8.567	0.497	0.614	3.092	0.105	18.391	0.275	6.9
SE592500-191750	1985-01-05	3.25	4.046	8.565	0.497	0.614	3.092	0.105	18.391	0.275	6.9
SE592500-191750	1985-01-05	3.75	4.046	8.564	0.497	0.614	3.092	0.105	18.391	0.275	6.9
SE592500-191750	1985-01-05	4.50	4.046	8.563	0.497	0.614	3.092	0.105	18.391	0.275	6.9
SE592500-191750	1985-01-05	5.50	4.046	8.561	0.497	0.614	3.092	0.105	18.391	0.275	6.9
SE592500-191750	1985-01-05	6.50	4.046	8.560	0.497	0.614	3.092	0.105	18.391	0.275	6.9
SE592500-191750	1985-01-05	7.50	4.046	8.559	0.497	0.614	3.092	0.105	18.391	0.275	6.9
SE592500-191750	1985-01-05	8.50	4.046	8.557	0.497	0.614	3.092	0.105	18.391	0.275	6.9
SE592500-191750	1985-01-05	9.50	4.046	8.556	0.497	0.614	3.092	0.105	18.391	0.275	6.9
SE592500-191750	1985-01-05	126.75	5.305	8.520	0.418	0.501	4.108	0.117	17.231	0.856	6.9
SE592500-191750	1985-01-05	129.00	5.305	8.520	0.418	0.501	4.108	0.117	17.231	0.856	6.9
SE592500-191750	1985-01-06	0.00	4.047	8.641	0.497	0.610	3.103	0.109	18.356	0.263	6.9
SE592500-191750	1985-01-06	0.25	4.047	8.641	0.497	0.610	3.103	0.109	18.356	0.263	6.9
SE592500-191750	1985-01-06	0.75	4.047	8.638	0.497	0.612	3.103	0.109	18.379	0.267	6.9
SE592500-191750	1985-01-06	1.25	4.048	8.635	0.497	0.612	3.103	0.109	18.379	0.267	6.9
SE592500-191750	1985-01-06	1.75	4.048	8.634	0.497	0.612	3.103	0.109	18.379	0.267	6.9
SE592500-191750	1985-01-06	2.25	4.048	8.632	0.497	0.612	3.103	0.109	18.379	0.267	6.9
SE592500-191750	1985-01-06	2.75	4.048	8.631	0.497	0.612	3.103	0.109	18.379	0.267	6.9
SE592500-191750	1985-01-06	3.25	4.048	8.630	0.497	0.612	3.103	0.109	18.378	0.267	6.9
SE592500-191750	1985-01-06	3.75	4.048	8.629	0.497	0.612	3.103	0.108	18.378	0.267	6.9
SE592500-191750	1985-01-06	4.50	4.048	8.628	0.497	0.612	3.103	0.108	18.378	0.267	6.9
SE592500-191750	1985-01-06	5.50	4.048	8.625	0.497	0.612	3.103	0.108	18.378	0.268	6.9
SE592500-191750	1985-01-06	6.50	4.049	8.623	0.497	0.612	3.104	0.108	18.377	0.268	6.9
SE592500-191750	1985-01-06	7.50	4.050	8.619	0.497	0.612	3.104	0.108	18.377	0.268	6.9
SE592500-191750	1985-01-06	8.50	4.053	8.611	0.496	0.611	3.107	0.108	18.374	0.270	6.9
SE592500-191750	1985-01-06	9.50	4.069	8.582	0.495	0.610	3.122	0.106	18.358	0.276	6.9
SE592500-191750	1985-01-06	126.75	5.476	8.511	0.417	0.496	4.236	0.121	17.149	0.873	6.9
SE592500-191750	1985-01-06	129.00	5.476	8.511	0.417	0.496	4.236	0.121	17.149	0.873	6.9
SE592500-191750	1985-01-07	0.00	4.119	8.834	0.489	0.600	3.180	0.110	18.270	0.284	7.0
SE592500-191750	1985-01-07	0.25	4.119	8.834	0.489	0.600	3.180	0.110	18.270	0.284	7.0
SE592500-191750	1985-01-07	0.75	4.119	8.829	0.489	0.601	3.180	0.110	18.293	0.289	7.0
SE592500-191750	1985-01-07	1.25	4.120	8.826	0.489	0.601	3.181	0.110	18.293	0.289	7.0
SE592500-191750	1985-01-07	1.75	4.120	8.824	0.489	0.601	3.181	0.110	18.292	0.289	7.0
SE592500-191750	1985-01-07	2.25	4.120	8.822	0.489	0.601	3.181	0.110	18.292	0.289	7.0
SE592500-191750	1985-01-07	2.75	4.121	8.821	0.489	0.601	3.181	0.109	18.291	0.290	7.0
SE592500-191750	1985-01-07	3.25	4.121	8.820	0.489	0.601	3.181	0.109	18.291	0.290	7.0
SE592500-191750	1985-01-07	3.75	4.121	8.818	0.489	0.601	3.181	0.109	18.291	0.290	7.0
SE592500-191750	1985-01-07	4.50	4.121	8.816	0.489	0.601	3.182	0.109	18.290	0.290	7.0
SE592500-191750	1985-01-07	5.50	4.122	8.814	0.489	0.601	3.182	0.109	18.289	0.290	7.0
SE592500-191750	1985-01-07	6.50	4.123	8.811	0.489	0.601	3.183	0.109	18.288	0.291	7.0
SE592500-191750	1985-01-07	7.50	4.124	8.808	0.489	0.601	3.184	0.109	18.287	0.291	7.0
SE592500-191750	1985-01-07	8.50	4.126	8.803	0.489	0.601	3.186	0.109	18.285	0.292	7.0
SE592500-191750	1985-01-07	9.50	4.129	8.797	0.488	0.600	3.189	0.109	18.282	0.294	7.0
SE592500-191750	1985-01-07	126.75	5.604	8.505	0.412	0.488	4.335	0.124	17.087	0.876	7.0
SE592500-191750	1985-01-07	129.00	5.604	8.505	0.412	0.488	4.335	0.124	17.087	0.876	7.0
SE592500-191750	1985-01-08	0.00	4.068	8.818	0.495	0.604	3.155	0.124	18.324	0.251	7.1
SE592500-191750	1985-01-08	0.25	4.068	8.818	0.495	0.604	3.155	0.124	18.324	0.251	7.1
SE592500-191750	1985-01-08	0.75	4.068	8.817	0.495	0.605	3.153	0.122	18.337	0.255	7.1
SE592500-191750	1985-01-08	1.25	4.071	8.820	0.494	0.605	3.155	0.121	18.333	0.257	7.1
SE592500-191750	1985-01-08	1.75	4.085	8.831	0.493	0.603	3.163	0.118	18.314	0.267	7.1
SE592500-191750	1985-01-08	2.25	4.098	8.840	0.491	0.602	3.170	0.115	18.300	0.275	7.1
SE592500-191750	1985-01-08	2.75	4.108	8.847	0.490	0.601	3.176	0.112	18.290	0.281	7.1
SE592500-191750	1985-01-08	3.25	4.115	8.852	0.490	0.601	3.180	0.111	18.285	0.285	7.1
SE592500-191750	1985-01-08	3.75	4.119	8.855	0.489	0.600	3.183	0.110	18.283	0.287	7.1
SE592500-191750	1985-01-08	4.50	4.123	8.856	0.489	0.600	3.186	0.109	18.282	0.288	7.1
SE592500-191750	1985-01-08	5.50	4.126	8.855	0.489	0.600	3.190	0.109	18.280	0.288	7.1
SE592500-191750	1985-01-08	6.50	4.134	8.846	0.488	0.599	3.198	0.109	18.272	0.289	7.1
SE592500-191750	1985-01-08	7.50	4.157	8.821	0.486	0.596	3.221	0.109	18.246	0.296	7.1
SE592500-191750	1985-01-08	8.50	4.205	8.773	0.481	0.589	3.267	0.108	18.189	0.314	7.1
SE592500-191750	1985-01-08	9.50	4.277	8.713	0.474	0.580	3.333	0.106	18.110	0.342	7.1
SE592500-191750	1985-01-08	126.75	5.705	8.478	0.412	0.485	4.411	0.128	17.067	0.863	7.1
SE592500-191750	1985-01-08	129.00	5.705	8.478	0.412	0.485	4.411	0.128	17.067	0.863	7.1
