EUCD	YYYY-MM-DD	Djup(m)	Salt (psu o/oo)	O2 (ml/l)	PO4 (µmol/l)	TotP (µmol/l)	NO3 (µmol/l)	NH4 (µmol/l)	TotN (µmol/l)	Chla (ug/l)	Siktdjup (m)
SE594100-185690	1985-01-01	0.00	4.000	8.004	0.500	0.619	3.008	0.102	18.404	0.289	6.8
SE594100-185690	1985-01-01	0.25	4.000	8.004	0.500	0.619	3.008	0.102	18.404	0.289	6.8
SE594100-185690	1985-01-01	0.75	4.000	8.004	0.500	0.620	3.008	0.102	18.431	0.294	6.8
SE594100-185690	1985-01-01	1.25	4.000	8.003	0.500	0.620	3.007	0.102	18.431	0.294	6.8
SE594100-185690	1985-01-01	1.75	4.000	8.003	0.500	0.620	3.007	0.102	18.431	0.294	6.8
SE594100-185690	1985-01-01	2.25	4.000	8.003	0.500	0.620	3.007	0.102	18.431	0.294	6.8
SE594100-185690	1985-01-01	2.75	4.000	8.002	0.500	0.620	3.007	0.102	18.431	0.294	6.8
SE594100-185690	1985-01-01	3.25	4.000	8.002	0.500	0.620	3.007	0.101	18.431	0.294	6.8
SE594100-185690	1985-01-01	3.75	4.000	8.002	0.500	0.620	3.008	0.101	18.432	0.294	6.8
SE594100-185690	1985-01-01	4.50	4.000	8.002	0.500	0.620	3.007	0.101	18.432	0.295	6.8
SE594100-185690	1985-01-01	5.50	4.000	8.001	0.500	0.621	3.007	0.101	18.432	0.295	6.8
SE594100-185690	1985-01-01	6.50	4.000	8.001	0.500	0.621	3.007	0.101	18.433	0.295	6.8
SE594100-185690	1985-01-01	7.50	4.000	8.001	0.500	0.621	3.007	0.101	18.434	0.295	6.8
SE594100-185690	1985-01-01	8.50	4.000	8.000	0.500	0.621	3.007	0.101	18.435	0.295	6.8
SE594100-185690	1985-01-01	9.50	4.000	7.999	0.500	0.621	3.008	0.101	18.436	0.295	6.8
SE594100-185690	1985-01-01	40.50	4.000	7.976	0.503	0.623	3.068	0.100	18.488	0.296	6.8
SE594100-185690	1985-01-01	41.00	4.000	7.976	0.503	0.623	3.068	0.100	18.488	0.296	6.8
SE594100-185690	1985-01-02	0.00	4.000	8.041	0.501	0.618	3.029	0.104	18.413	0.281	6.9
SE594100-185690	1985-01-02	0.25	4.000	8.041	0.501	0.618	3.029	0.104	18.413	0.281	6.9
SE594100-185690	1985-01-02	0.75	4.000	8.040	0.501	0.620	3.028	0.104	18.437	0.286	6.9
SE594100-185690	1985-01-02	1.25	4.000	8.040	0.501	0.620	3.028	0.104	18.437	0.286	6.9
SE594100-185690	1985-01-02	1.75	4.000	8.039	0.501	0.620	3.028	0.104	18.437	0.286	6.9
SE594100-185690	1985-01-02	2.25	4.000	8.039	0.501	0.620	3.028	0.104	18.437	0.286	6.9
SE594100-185690	1985-01-02	2.75	4.000	8.038	0.501	0.620	3.028	0.104	18.437	0.286	6.9
SE594100-185690	1985-01-02	3.25	4.000	8.038	0.501	0.620	3.028	0.104	18.437	0.286	6.9
SE594100-185690	1985-01-02	3.75	4.000	8.037	0.501	0.620	3.028	0.104	18.438	0.286	6.9
SE594100-185690	1985-01-02	4.50	4.000	8.037	0.501	0.620	3.028	0.104	18.438	0.286	6.9
SE594100-185690	1985-01-02	5.50	4.000	8.037	0.501	0.620	3.028	0.104	18.438	0.286	6.9
SE594100-185690	1985-01-02	6.50	4.000	8.036	0.501	0.620	3.028	0.104	18.438	0.286	6.9
SE594100-185690	1985-01-02	7.50	4.000	8.036	0.501	0.620	3.028	0.103	18.438	0.286	6.9
SE594100-185690	1985-01-02	8.50	4.000	8.035	0.501	0.620	3.028	0.103	18.439	0.286	6.9
SE594100-185690	1985-01-02	9.50	4.000	8.035	0.501	0.620	3.028	0.103	18.439	0.286	6.9
SE594100-185690	1985-01-02	40.50	4.000	7.935	0.509	0.629	3.189	0.100	18.606	0.285	6.9
SE594100-185690	1985-01-02	41.00	4.000	7.935	0.509	0.629	3.189	0.100	18.606	0.285	6.9
SE594100-185690	1985-01-03	0.00	3.999	8.208	0.502	0.618	3.061	0.107	18.432	0.270	6.9
SE594100-185690	1985-01-03	0.25	3.999	8.208	0.502	0.618	3.061	0.107	18.432	0.270	6.9
SE594100-185690	1985-01-03	0.75	3.999	8.203	0.502	0.620	3.061	0.107	18.455	0.274	6.9
SE594100-185690	1985-01-03	1.25	3.999	8.200	0.502	0.620	3.060	0.107	18.455	0.274	6.9
SE594100-185690	1985-01-03	1.75	3.999	8.198	0.502	0.620	3.060	0.107	18.455	0.274	6.9
SE594100-185690	1985-01-03	2.25	3.999	8.197	0.502	0.620	3.060	0.107	18.455	0.274	6.9
SE594100-185690	1985-01-03	2.75	3.999	8.195	0.502	0.620	3.060	0.107	18.455	0.274	6.9
SE594100-185690	1985-01-03	3.25	3.999	8.194	0.502	0.620	3.060	0.107	18.455	0.274	6.9
SE594100-185690	1985-01-03	3.75	3.999	8.193	0.502	0.620	3.061	0.107	18.455	0.274	6.9
SE594100-185690	1985-01-03	4.50	3.999	8.192	0.502	0.620	3.060	0.107	18.455	0.274	6.9
SE594100-185690	1985-01-03	5.50	3.999	8.191	0.502	0.620	3.060	0.107	18.455	0.274	6.9
SE594100-185690	1985-01-03	6.50	3.999	8.189	0.502	0.620	3.060	0.107	18.455	0.274	6.9
SE594100-185690	1985-01-03	7.50	3.999	8.188	0.502	0.620	3.060	0.107	18.455	0.274	6.9
SE594100-185690	1985-01-03	8.50	3.999	8.187	0.502	0.620	3.060	0.106	18.455	0.274	6.9
SE594100-185690	1985-01-03	9.50	3.999	8.186	0.502	0.620	3.060	0.106	18.455	0.274	6.9
SE594100-185690	1985-01-03	40.50	4.000	7.897	0.514	0.633	3.299	0.100	18.713	0.271	6.9
SE594100-185690	1985-01-03	41.00	4.000	7.897	0.514	0.633	3.299	0.100	18.713	0.271	6.9
SE594100-185690	1985-01-04	0.00	3.999	8.556	0.503	0.619	3.093	0.110	18.454	0.258	6.9
SE594100-185690	1985-01-04	0.25	3.999	8.556	0.503	0.619	3.093	0.110	18.454	0.258	6.9
SE594100-185690	1985-01-04	0.75	3.999	8.550	0.503	0.620	3.093	0.110	18.475	0.262	6.9
SE594100-185690	1985-01-04	1.25	3.999	8.547	0.503	0.620	3.093	0.110	18.475	0.262	6.9
SE594100-185690	1985-01-04	1.75	3.999	8.545	0.503	0.620	3.093	0.110	18.475	0.262	6.9
SE594100-185690	1985-01-04	2.25	3.999	8.543	0.503	0.620	3.093	0.109	18.475	0.263	6.9
SE594100-185690	1985-01-04	2.75	3.999	8.542	0.503	0.620	3.093	0.109	18.475	0.263	6.9
SE594100-185690	1985-01-04	3.25	3.999	8.540	0.503	0.620	3.093	0.109	18.475	0.263	6.9
SE594100-185690	1985-01-04	3.75	3.999	8.539	0.503	0.620	3.093	0.109	18.475	0.263	6.9
SE594100-185690	1985-01-04	4.50	3.999	8.538	0.503	0.620	3.093	0.109	18.475	0.263	6.9
SE594100-185690	1985-01-04	5.50	3.999	8.537	0.503	0.620	3.093	0.109	18.475	0.263	6.9
SE594100-185690	1985-01-04	6.50	3.999	8.535	0.503	0.620	3.093	0.109	18.475	0.263	6.9
SE594100-185690	1985-01-04	7.50	3.999	8.534	0.503	0.620	3.093	0.109	18.475	0.263	6.9
SE594100-185690	1985-01-04	8.50	3.999	8.533	0.503	0.620	3.093	0.109	18.475	0.263	6.9
SE594100-185690	1985-01-04	9.50	3.999	8.532	0.503	0.620	3.093	0.109	18.475	0.263	6.9
SE594100-185690	1985-01-04	40.50	4.019	8.288	0.501	0.618	3.084	0.103	18.440	0.271	6.9
SE594100-185690	1985-01-04	41.00	4.019	8.288	0.501	0.618	3.084	0.103	18.440	0.271	6.9
SE594100-185690	1985-01-05	0.00	3.999	8.835	0.504	0.618	3.120	0.113	18.472	0.248	6.9
SE594100-185690	1985-01-05	0.25	3.999	8.835	0.504	0.618	3.120	0.113	18.472	0.248	6.9
SE594100-185690	1985-01-05	0.75	3.999	8.830	0.504	0.620	3.120	0.113	18.491	0.252	6.9
SE594100-185690	1985-01-05	1.25	3.999	8.828	0.504	0.620	3.120	0.113	18.491	0.252	6.9
SE594100-185690	1985-01-05	1.75	3.999	8.826	0.504	0.620	3.120	0.113	18.490	0.252	6.9
SE594100-185690	1985-01-05	2.25	3.999	8.825	0.504	0.620	3.120	0.113	18.490	0.252	6.9
SE594100-185690	1985-01-05	2.75	3.999	8.824	0.504	0.620	3.120	0.113	18.490	0.252	6.9
SE594100-185690	1985-01-05	3.25	3.999	8.823	0.504	0.620	3.120	0.112	18.490	0.252	6.9
SE594100-185690	1985-01-05	3.75	3.999	8.822	0.504	0.620	3.120	0.112	18.491	0.252	6.9
SE594100-185690	1985-01-05	4.50	3.999	8.821	0.504	0.620	3.120	0.112	18.490	0.252	6.9
SE594100-185690	1985-01-05	5.50	3.999	8.819	0.504	0.620	3.120	0.112	18.490	0.252	6.9
SE594100-185690	1985-01-05	6.50	3.999	8.818	0.504	0.620	3.120	0.112	18.490	0.252	6.9
SE594100-185690	1985-01-05	7.50	3.999	8.817	0.504	0.620	3.120	0.112	18.490	0.252	6.9
SE594100-185690	1985-01-05	8.50	3.999	8.816	0.504	0.620	3.120	0.112	18.490	0.252	6.9
SE594100-185690	1985-01-05	9.50	3.999	8.815	0.504	0.620	3.120	0.112	18.491	0.252	6.9
SE594100-185690	1985-01-05	40.50	4.546	8.428	0.446	0.547	3.578	0.101	17.842	0.535	6.9
SE594100-185690	1985-01-05	41.00	4.546	8.428	0.446	0.547	3.578	0.101	17.842	0.535	6.9
SE594100-185690	1985-01-06	0.00	3.999	8.859	0.504	0.618	3.149	0.120	18.489	0.239	7.0
SE594100-185690	1985-01-06	0.25	3.999	8.859	0.504	0.618	3.149	0.120	18.489	0.239	7.0
SE594100-185690	1985-01-06	0.75	3.999	8.859	0.504	0.619	3.149	0.119	18.503	0.243	7.0
SE594100-185690	1985-01-06	1.25	3.999	8.859	0.504	0.619	3.148	0.119	18.502	0.243	7.0
SE594100-185690	1985-01-06	1.75	3.999	8.859	0.504	0.619	3.147	0.119	18.502	0.243	7.0
SE594100-185690	1985-01-06	2.25	3.999	8.859	0.504	0.619	3.147	0.118	18.501	0.243	7.0
SE594100-185690	1985-01-06	2.75	3.999	8.859	0.504	0.619	3.146	0.118	18.501	0.244	7.0
SE594100-185690	1985-01-06	3.25	3.999	8.859	0.504	0.619	3.146	0.118	18.501	0.244	7.0
SE594100-185690	1985-01-06	3.75	3.999	8.859	0.504	0.619	3.145	0.117	18.502	0.244	7.0
SE594100-185690	1985-01-06	4.50	3.999	8.859	0.504	0.619	3.144	0.117	18.502	0.244	7.0
SE594100-185690	1985-01-06	5.50	3.999	8.858	0.504	0.619	3.144	0.116	18.502	0.244	7.0
SE594100-185690	1985-01-06	6.50	3.999	8.858	0.504	0.619	3.143	0.115	18.503	0.244	7.0
SE594100-185690	1985-01-06	7.50	3.999	8.857	0.504	0.620	3.142	0.115	18.504	0.244	7.0
SE594100-185690	1985-01-06	8.50	3.999	8.854	0.505	0.620	3.143	0.114	18.506	0.243	7.0
SE594100-185690	1985-01-06	9.50	3.999	8.851	0.505	0.620	3.145	0.114	18.509	0.242	7.0
SE594100-185690	1985-01-06	40.50	4.715	8.505	0.432	0.528	3.757	0.101	17.683	0.589	7.0
SE594100-185690	1985-01-06	41.00	4.715	8.505	0.432	0.528	3.757	0.101	17.683	0.589	7.0
SE594100-185690	1985-01-07	0.00	3.998	8.854	0.505	0.617	3.176	0.127	18.506	0.231	7.0
SE594100-185690	1985-01-07	0.25	3.998	8.854	0.505	0.617	3.176	0.127	18.506	0.231	7.0
SE594100-185690	1985-01-07	0.75	3.998	8.854	0.505	0.617	3.175	0.126	18.517	0.235	7.0
SE594100-185690	1985-01-07	1.25	3.998	8.854	0.505	0.618	3.175	0.126	18.516	0.235	7.0
SE594100-185690	1985-01-07	1.75	3.998	8.854	0.505	0.618	3.174	0.125	18.515	0.235	7.0
SE594100-185690	1985-01-07	2.25	3.998	8.854	0.505	0.618	3.173	0.125	18.515	0.235	7.0
SE594100-185690	1985-01-07	2.75	3.998	8.854	0.505	0.618	3.173	0.125	18.515	0.236	7.0
SE594100-185690	1985-01-07	3.25	3.998	8.854	0.505	0.618	3.172	0.124	18.515	0.236	7.0
SE594100-185690	1985-01-07	3.75	3.998	8.853	0.505	0.618	3.172	0.124	18.515	0.236	7.0
SE594100-185690	1985-01-07	4.50	3.998	8.853	0.505	0.618	3.171	0.123	18.514	0.236	7.0
SE594100-185690	1985-01-07	5.50	3.998	8.852	0.505	0.618	3.168	0.121	18.512	0.237	7.0
SE594100-185690	1985-01-07	6.50	3.999	8.849	0.505	0.619	3.164	0.117	18.511	0.237	7.0
SE594100-185690	1985-01-07	7.50	3.999	8.846	0.505	0.620	3.163	0.115	18.513	0.236	7.0
SE594100-185690	1985-01-07	8.50	3.999	8.841	0.505	0.620	3.164	0.113	18.518	0.234	7.0
SE594100-185690	1985-01-07	9.50	3.999	8.835	0.506	0.621	3.166	0.113	18.522	0.233	7.0
SE594100-185690	1985-01-07	40.50	4.862	8.572	0.420	0.511	3.905	0.101	17.548	0.624	7.0
SE594100-185690	1985-01-07	41.00	4.862	8.572	0.420	0.511	3.905	0.101	17.548	0.624	7.0
SE594100-185690	1985-01-08	0.00	3.998	8.846	0.505	0.616	3.200	0.132	18.526	0.226	7.0
SE594100-185690	1985-01-08	0.25	3.998	8.846	0.505	0.616	3.200	0.132	18.526	0.226	7.0
SE594100-185690	1985-01-08	0.75	3.998	8.846	0.505	0.617	3.199	0.131	18.535	0.230	7.0
SE594100-185690	1985-01-08	1.25	3.998	8.846	0.505	0.617	3.198	0.131	18.534	0.230	7.0
SE594100-185690	1985-01-08	1.75	3.998	8.846	0.505	0.617	3.198	0.131	18.533	0.231	7.0
SE594100-185690	1985-01-08	2.25	3.998	8.846	0.505	0.617	3.197	0.130	18.532	0.231	7.0
SE594100-185690	1985-01-08	2.75	3.998	8.846	0.505	0.617	3.197	0.130	18.532	0.231	7.0
SE594100-185690	1985-01-08	3.25	3.998	8.846	0.505	0.617	3.196	0.129	18.532	0.231	7.0
SE594100-185690	1985-01-08	3.75	3.998	8.846	0.505	0.617	3.196	0.129	18.531	0.231	7.0
SE594100-185690	1985-01-08	4.50	3.998	8.845	0.505	0.617	3.194	0.128	18.530	0.232	7.0
SE594100-185690	1985-01-08	5.50	3.998	8.843	0.505	0.618	3.191	0.125	18.526	0.232	7.0
SE594100-185690	1985-01-08	6.50	3.998	8.839	0.505	0.618	3.187	0.120	18.522	0.231	7.0
SE594100-185690	1985-01-08	7.50	3.999	8.833	0.506	0.619	3.185	0.117	18.522	0.230	7.0
SE594100-185690	1985-01-08	8.50	3.999	8.825	0.506	0.620	3.186	0.114	18.525	0.228	7.0
SE594100-185690	1985-01-08	9.50	4.000	8.815	0.506	0.620	3.188	0.113	18.529	0.226	7.0
SE594100-185690	1985-01-08	40.50	4.994	8.647	0.409	0.496	4.037	0.102	17.417	0.649	7.0
SE594100-185690	1985-01-08	41.00	4.994	8.647	0.409	0.496	4.037	0.102	17.417	0.649	7.0
