EUCD	YYYY-MM-DD	Djup(m)	Salt (psu o/oo)	O2 (ml/l)	PO4 (µmol/l)	TotP (µmol/l)	NO3 (µmol/l)	NH4 (µmol/l)	TotN (µmol/l)	Chla (ug/l)	Siktdjup (m)
SE584600-173200	1985-01-01	0.00	4.000	8.005	0.500	0.618	3.007	0.103	18.401	0.289	6.8
SE584600-173200	1985-01-01	0.25	4.000	8.005	0.500	0.618	3.007	0.103	18.401	0.289	6.8
SE584600-173200	1985-01-01	0.75	4.000	8.004	0.500	0.620	3.006	0.103	18.428	0.294	6.8
SE584600-173200	1985-01-01	1.25	4.000	8.004	0.500	0.620	3.006	0.102	18.428	0.294	6.8
SE584600-173200	1985-01-01	1.75	4.000	8.004	0.500	0.620	3.006	0.102	18.428	0.294	6.8
SE584600-173200	1985-01-01	2.25	4.000	8.003	0.500	0.620	3.006	0.102	18.428	0.294	6.8
SE584600-173200	1985-01-01	2.75	4.000	8.003	0.500	0.620	3.006	0.102	18.428	0.294	6.8
SE584600-173200	1985-01-01	3.25	4.000	8.003	0.500	0.620	3.006	0.102	18.429	0.294	6.8
SE584600-173200	1985-01-01	3.75	4.000	8.003	0.500	0.620	3.006	0.102	18.429	0.294	6.8
SE584600-173200	1985-01-01	4.50	4.000	8.002	0.500	0.620	3.005	0.102	18.429	0.294	6.8
SE584600-173200	1985-01-01	5.50	4.000	8.002	0.500	0.620	3.005	0.101	18.430	0.295	6.8
SE584600-173200	1985-01-01	6.50	4.000	8.001	0.500	0.621	3.005	0.101	18.431	0.295	6.8
SE584600-173200	1985-01-01	7.50	4.000	8.000	0.500	0.621	3.005	0.101	18.434	0.296	6.8
SE584600-173200	1985-01-01	8.50	4.000	7.999	0.500	0.621	3.004	0.100	18.437	0.296	6.8
SE584600-173200	1985-01-01	9.50	4.000	7.999	0.500	0.621	3.004	0.100	18.437	0.296	6.8
SE584600-173200	1985-01-01	51.50	4.000	7.976	0.503	0.623	3.069	0.100	18.489	0.296	6.8
SE584600-173200	1985-01-01	52.00	4.000	7.976	0.503	0.623	3.069	0.100	18.489	0.296	6.8
SE584600-173200	1985-01-02	0.00	4.000	8.053	0.500	0.618	3.018	0.104	18.406	0.283	6.9
SE584600-173200	1985-01-02	0.25	4.000	8.053	0.500	0.618	3.018	0.104	18.406	0.283	6.9
SE584600-173200	1985-01-02	0.75	4.000	8.050	0.500	0.620	3.018	0.104	18.432	0.288	6.9
SE584600-173200	1985-01-02	1.25	4.000	8.049	0.500	0.620	3.018	0.103	18.432	0.288	6.9
SE584600-173200	1985-01-02	1.75	4.000	8.048	0.500	0.620	3.018	0.103	18.432	0.288	6.9
SE584600-173200	1985-01-02	2.25	4.000	8.047	0.500	0.620	3.018	0.103	18.432	0.288	6.9
SE584600-173200	1985-01-02	2.75	4.000	8.046	0.500	0.620	3.018	0.103	18.432	0.288	6.9
SE584600-173200	1985-01-02	3.25	4.000	8.045	0.500	0.620	3.018	0.103	18.432	0.288	6.9
SE584600-173200	1985-01-02	3.75	4.000	8.045	0.501	0.620	3.018	0.103	18.432	0.288	6.9
SE584600-173200	1985-01-02	4.50	4.000	8.044	0.500	0.620	3.018	0.103	18.432	0.288	6.9
SE584600-173200	1985-01-02	5.50	4.000	8.043	0.501	0.620	3.018	0.103	18.432	0.288	6.9
SE584600-173200	1985-01-02	6.50	4.000	8.042	0.501	0.620	3.018	0.103	18.433	0.288	6.9
SE584600-173200	1985-01-02	7.50	4.000	8.041	0.501	0.620	3.018	0.103	18.433	0.288	6.9
SE584600-173200	1985-01-02	8.50	4.000	8.040	0.501	0.620	3.018	0.103	18.433	0.288	6.9
SE584600-173200	1985-01-02	9.50	4.000	8.039	0.501	0.620	3.018	0.103	18.433	0.288	6.9
SE584600-173200	1985-01-02	51.50	4.000	7.934	0.509	0.629	3.190	0.100	18.606	0.285	6.9
SE584600-173200	1985-01-02	52.00	4.000	7.934	0.509	0.629	3.190	0.100	18.606	0.285	6.9
SE584600-173200	1985-01-03	0.00	4.014	8.270	0.501	0.618	3.046	0.106	18.413	0.278	6.9
SE584600-173200	1985-01-03	0.25	4.014	8.270	0.501	0.618	3.046	0.106	18.413	0.278	6.9
SE584600-173200	1985-01-03	0.75	4.014	8.263	0.501	0.620	3.046	0.106	18.437	0.283	6.9
SE584600-173200	1985-01-03	1.25	4.014	8.260	0.501	0.620	3.046	0.106	18.437	0.283	6.9
SE584600-173200	1985-01-03	1.75	4.014	8.257	0.501	0.620	3.046	0.106	18.437	0.283	6.9
SE584600-173200	1985-01-03	2.25	4.014	8.255	0.501	0.620	3.046	0.106	18.437	0.283	6.9
SE584600-173200	1985-01-03	2.75	4.014	8.254	0.501	0.620	3.046	0.106	18.437	0.283	6.9
SE584600-173200	1985-01-03	3.25	4.014	8.252	0.501	0.620	3.046	0.106	18.437	0.283	6.9
SE584600-173200	1985-01-03	3.75	4.014	8.251	0.501	0.620	3.046	0.106	18.437	0.283	6.9
SE584600-173200	1985-01-03	4.50	4.014	8.249	0.501	0.620	3.046	0.106	18.437	0.283	6.9
SE584600-173200	1985-01-03	5.50	4.014	8.247	0.501	0.620	3.046	0.106	18.437	0.283	6.9
SE584600-173200	1985-01-03	6.50	4.015	8.245	0.501	0.620	3.046	0.106	18.437	0.283	6.9
SE584600-173200	1985-01-03	7.50	4.015	8.243	0.501	0.620	3.046	0.106	18.437	0.284	6.9
SE584600-173200	1985-01-03	8.50	4.016	8.241	0.501	0.620	3.047	0.106	18.436	0.284	6.9
SE584600-173200	1985-01-03	9.50	4.016	8.238	0.501	0.620	3.047	0.106	18.436	0.284	6.9
SE584600-173200	1985-01-03	51.50	4.662	8.120	0.503	0.609	3.289	0.144	18.097	0.535	6.9
SE584600-173200	1985-01-03	52.00	4.662	8.120	0.503	0.609	3.289	0.144	18.097	0.535	6.9
SE584600-173200	1985-01-04	0.00	4.261	8.642	0.502	0.613	3.150	0.123	18.280	0.358	6.9
SE584600-173200	1985-01-04	0.25	4.261	8.642	0.502	0.613	3.150	0.123	18.280	0.358	6.9
SE584600-173200	1985-01-04	0.75	4.261	8.637	0.502	0.614	3.150	0.123	18.305	0.364	6.9
SE584600-173200	1985-01-04	1.25	4.261	8.634	0.502	0.614	3.150	0.123	18.305	0.364	6.9
SE584600-173200	1985-01-04	1.75	4.261	8.631	0.502	0.614	3.150	0.123	18.304	0.364	6.9
SE584600-173200	1985-01-04	2.25	4.261	8.630	0.502	0.614	3.150	0.123	18.304	0.364	6.9
SE584600-173200	1985-01-04	2.75	4.262	8.628	0.502	0.614	3.150	0.123	18.304	0.364	6.9
SE584600-173200	1985-01-04	3.25	4.262	8.627	0.502	0.614	3.150	0.123	18.304	0.364	6.9
SE584600-173200	1985-01-04	3.75	4.262	8.626	0.502	0.614	3.150	0.123	18.304	0.364	6.9
SE584600-173200	1985-01-04	4.50	4.263	8.624	0.502	0.614	3.150	0.123	18.303	0.365	6.9
SE584600-173200	1985-01-04	5.50	4.263	8.622	0.502	0.614	3.151	0.123	18.303	0.365	6.9
SE584600-173200	1985-01-04	6.50	4.264	8.620	0.502	0.614	3.151	0.123	18.303	0.365	6.9
SE584600-173200	1985-01-04	7.50	4.265	8.618	0.502	0.614	3.151	0.123	18.302	0.365	6.9
SE584600-173200	1985-01-04	8.50	4.267	8.616	0.502	0.614	3.152	0.123	18.301	0.366	6.9
SE584600-173200	1985-01-04	9.50	4.269	8.613	0.502	0.614	3.152	0.123	18.300	0.367	6.9
SE584600-173200	1985-01-04	51.50	4.976	8.559	0.501	0.599	3.395	0.163	17.907	0.637	6.9
SE584600-173200	1985-01-04	52.00	4.976	8.559	0.501	0.599	3.395	0.163	17.907	0.637	6.9
SE584600-173200	1985-01-05	0.00	4.466	8.885	0.502	0.608	3.237	0.136	18.168	0.418	7.0
SE584600-173200	1985-01-05	0.25	4.466	8.885	0.502	0.608	3.237	0.136	18.168	0.418	7.0
SE584600-173200	1985-01-05	0.75	4.466	8.880	0.502	0.609	3.237	0.136	18.193	0.425	7.0
SE584600-173200	1985-01-05	1.25	4.467	8.878	0.502	0.609	3.238	0.136	18.193	0.425	7.0
SE584600-173200	1985-01-05	1.75	4.467	8.876	0.502	0.609	3.238	0.136	18.192	0.425	7.0
SE584600-173200	1985-01-05	2.25	4.467	8.875	0.502	0.609	3.238	0.136	18.192	0.425	7.0
SE584600-173200	1985-01-05	2.75	4.468	8.873	0.502	0.609	3.238	0.136	18.192	0.426	7.0
SE584600-173200	1985-01-05	3.25	4.468	8.872	0.502	0.609	3.238	0.136	18.192	0.426	7.0
SE584600-173200	1985-01-05	3.75	4.469	8.871	0.502	0.609	3.238	0.136	18.192	0.426	7.0
SE584600-173200	1985-01-05	4.50	4.469	8.869	0.502	0.609	3.238	0.136	18.191	0.426	7.0
SE584600-173200	1985-01-05	5.50	4.470	8.867	0.502	0.609	3.238	0.136	18.190	0.426	7.0
SE584600-173200	1985-01-05	6.50	4.472	8.864	0.502	0.609	3.239	0.136	18.189	0.427	7.0
SE584600-173200	1985-01-05	7.50	4.475	8.859	0.502	0.609	3.240	0.136	18.188	0.428	7.0
SE584600-173200	1985-01-05	8.50	4.482	8.852	0.502	0.609	3.242	0.137	18.184	0.431	7.0
SE584600-173200	1985-01-05	9.50	4.501	8.835	0.502	0.609	3.249	0.137	18.174	0.437	7.0
SE584600-173200	1985-01-05	51.50	5.215	8.685	0.502	0.594	3.493	0.174	17.806	0.697	7.0
SE584600-173200	1985-01-05	52.00	5.215	8.685	0.502	0.594	3.493	0.174	17.806	0.697	7.0
SE584600-173200	1985-01-06	0.00	4.514	8.957	0.502	0.605	3.269	0.143	18.139	0.425	7.0
SE584600-173200	1985-01-06	0.25	4.514	8.957	0.502	0.605	3.269	0.143	18.139	0.425	7.0
SE584600-173200	1985-01-06	0.75	4.514	8.955	0.502	0.606	3.269	0.142	18.160	0.432	7.0
SE584600-173200	1985-01-06	1.25	4.515	8.953	0.502	0.606	3.269	0.142	18.159	0.432	7.0
SE584600-173200	1985-01-06	1.75	4.516	8.952	0.502	0.606	3.269	0.142	18.158	0.433	7.0
SE584600-173200	1985-01-06	2.25	4.517	8.950	0.502	0.606	3.270	0.142	18.158	0.433	7.0
SE584600-173200	1985-01-06	2.75	4.518	8.949	0.502	0.606	3.270	0.142	18.157	0.434	7.0
SE584600-173200	1985-01-06	3.25	4.520	8.946	0.502	0.606	3.270	0.142	18.156	0.434	7.0
SE584600-173200	1985-01-06	3.75	4.524	8.943	0.502	0.606	3.272	0.142	18.154	0.436	7.0
SE584600-173200	1985-01-06	4.50	4.537	8.930	0.502	0.606	3.275	0.142	18.147	0.440	7.0
SE584600-173200	1985-01-06	5.50	4.660	8.830	0.502	0.604	3.317	0.145	18.081	0.479	7.0
SE584600-173200	1985-01-06	6.50	4.842	8.711	0.503	0.602	3.379	0.152	17.989	0.533	7.0
SE584600-173200	1985-01-06	7.50	4.966	8.653	0.503	0.600	3.422	0.158	17.931	0.574	7.0
SE584600-173200	1985-01-06	8.50	5.045	8.634	0.503	0.599	3.450	0.162	17.897	0.602	7.0
SE584600-173200	1985-01-06	9.50	5.089	8.639	0.503	0.598	3.467	0.165	17.880	0.618	7.0
SE584600-173200	1985-01-06	51.50	5.460	8.663	0.505	0.593	3.596	0.185	17.739	0.744	7.0
SE584600-173200	1985-01-06	52.00	5.460	8.663	0.505	0.593	3.596	0.185	17.739	0.744	7.0
SE584600-173200	1985-01-07	0.00	4.828	9.037	0.502	0.598	3.392	0.156	17.972	0.506	7.1
SE584600-173200	1985-01-07	0.25	4.828	9.037	0.502	0.598	3.392	0.156	17.972	0.506	7.1
SE584600-173200	1985-01-07	0.75	4.828	9.033	0.502	0.600	3.392	0.156	17.998	0.515	7.1
SE584600-173200	1985-01-07	1.25	4.828	9.030	0.502	0.600	3.393	0.156	17.997	0.515	7.1
SE584600-173200	1985-01-07	1.75	4.829	9.028	0.502	0.600	3.393	0.156	17.997	0.515	7.1
SE584600-173200	1985-01-07	2.25	4.829	9.027	0.502	0.600	3.393	0.156	17.997	0.515	7.1
SE584600-173200	1985-01-07	2.75	4.830	9.025	0.502	0.600	3.393	0.156	17.996	0.515	7.1
SE584600-173200	1985-01-07	3.25	4.830	9.024	0.502	0.600	3.393	0.156	17.996	0.515	7.1
SE584600-173200	1985-01-07	3.75	4.831	9.023	0.502	0.600	3.393	0.156	17.996	0.516	7.1
SE584600-173200	1985-01-07	4.50	4.832	9.021	0.502	0.600	3.394	0.156	17.995	0.516	7.1
SE584600-173200	1985-01-07	5.50	4.834	9.017	0.502	0.600	3.394	0.156	17.994	0.517	7.1
SE584600-173200	1985-01-07	6.50	4.837	9.012	0.502	0.600	3.396	0.156	17.993	0.518	7.1
SE584600-173200	1985-01-07	7.50	4.846	9.003	0.502	0.600	3.398	0.156	17.989	0.520	7.1
SE584600-173200	1985-01-07	8.50	4.878	8.972	0.502	0.599	3.410	0.157	17.973	0.531	7.1
SE584600-173200	1985-01-07	9.50	5.084	8.819	0.502	0.595	3.483	0.164	17.876	0.595	7.1
SE584600-173200	1985-01-07	51.50	5.654	8.647	0.509	0.592	3.678	0.193	17.705	0.767	7.1
SE584600-173200	1985-01-07	52.00	5.654	8.647	0.509	0.592	3.678	0.193	17.705	0.767	7.1
SE584600-173200	1985-01-08	0.00	4.875	9.121	0.502	0.596	3.424	0.160	17.945	0.504	7.1
SE584600-173200	1985-01-08	0.25	4.875	9.121	0.502	0.596	3.424	0.160	17.945	0.504	7.1
SE584600-173200	1985-01-08	0.75	4.874	9.120	0.502	0.597	3.423	0.159	17.969	0.512	7.1
SE584600-173200	1985-01-08	1.25	4.876	9.120	0.502	0.597	3.424	0.159	17.968	0.512	7.1
SE584600-173200	1985-01-08	1.75	4.876	9.119	0.502	0.597	3.424	0.159	17.968	0.513	7.1
SE584600-173200	1985-01-08	2.25	4.877	9.119	0.502	0.597	3.424	0.159	17.967	0.513	7.1
SE584600-173200	1985-01-08	2.75	4.878	9.118	0.502	0.597	3.424	0.159	17.967	0.513	7.1
SE584600-173200	1985-01-08	3.25	4.878	9.117	0.502	0.597	3.424	0.159	17.966	0.513	7.1
SE584600-173200	1985-01-08	3.75	4.879	9.116	0.502	0.597	3.425	0.159	17.966	0.514	7.1
SE584600-173200	1985-01-08	4.50	4.880	9.114	0.502	0.597	3.425	0.159	17.965	0.514	7.1
SE584600-173200	1985-01-08	5.50	4.884	9.110	0.502	0.597	3.426	0.159	17.964	0.515	7.1
SE584600-173200	1985-01-08	6.50	4.897	9.094	0.502	0.597	3.430	0.159	17.957	0.520	7.1
SE584600-173200	1985-01-08	7.50	5.019	8.982	0.501	0.594	3.474	0.161	17.896	0.556	7.1
SE584600-173200	1985-01-08	8.50	5.175	8.886	0.500	0.589	3.529	0.165	17.822	0.601	7.1
SE584600-173200	1985-01-08	9.50	5.260	8.857	0.498	0.587	3.556	0.167	17.786	0.629	7.1
SE584600-173200	1985-01-08	51.50	5.813	8.636	0.512	0.592	3.743	0.198	17.694	0.777	7.1
SE584600-173200	1985-01-08	52.00	5.813	8.636	0.512	0.592	3.743	0.198	17.694	0.777	7.1
