EUCD	YYYY-MM-DD	Djup(m)	Salt (psu o/oo)	O2 (ml/l)	PO4 (µmol/l)	TotP (µmol/l)	NO3 (µmol/l)	NH4 (µmol/l)	TotN (µmol/l)	Chla (ug/l)	Siktdjup (m)
SE601250-182570	1985-01-01	0.00	4.000	8.016	0.502	0.619	3.055	0.107	18.432	0.284	6.9
SE601250-182570	1985-01-01	0.25	4.000	8.016	0.502	0.619	3.055	0.107	18.432	0.284	6.9
SE601250-182570	1985-01-01	0.75	4.000	8.014	0.502	0.620	3.056	0.107	18.454	0.289	6.9
SE601250-182570	1985-01-01	1.25	4.000	8.013	0.502	0.621	3.058	0.107	18.456	0.289	6.9
SE601250-182570	1985-01-01	1.75	4.000	8.011	0.502	0.621	3.061	0.107	18.459	0.289	6.9
SE601250-182570	1985-01-01	2.25	4.000	8.009	0.503	0.621	3.067	0.106	18.465	0.289	6.9
SE601250-182570	1985-01-01	2.75	4.000	8.005	0.503	0.621	3.076	0.106	18.467	0.289	6.9
SE601250-182570	1985-01-01	3.00	4.000	8.005	0.503	0.621	3.076	0.106	18.467	0.289	6.9
SE601250-182570	1985-01-02	0.00	4.000	8.332	0.508	0.621	3.214	0.129	18.551	0.263	7.0
SE601250-182570	1985-01-02	0.25	4.000	8.332	0.508	0.621	3.214	0.129	18.551	0.263	7.0
SE601250-182570	1985-01-02	0.75	4.000	8.329	0.508	0.622	3.215	0.128	18.560	0.267	7.0
SE601250-182570	1985-01-02	1.25	4.000	8.327	0.508	0.622	3.217	0.128	18.562	0.267	7.0
SE601250-182570	1985-01-02	1.75	4.000	8.326	0.508	0.622	3.219	0.128	18.564	0.267	7.0
SE601250-182570	1985-01-02	2.25	4.000	8.323	0.509	0.622	3.225	0.128	18.570	0.267	7.0
SE601250-182570	1985-01-02	2.75	4.000	8.319	0.509	0.622	3.232	0.128	18.575	0.267	7.0
SE601250-182570	1985-01-02	3.00	4.000	8.319	0.509	0.622	3.232	0.128	18.575	0.267	7.0
SE601250-182570	1985-01-03	0.00	3.984	8.916	0.515	0.626	3.555	0.167	19.054	0.235	7.0
SE601250-182570	1985-01-03	0.25	3.984	8.916	0.515	0.626	3.555	0.167	19.054	0.235	7.0
SE601250-182570	1985-01-03	0.75	3.983	8.915	0.515	0.627	3.557	0.166	19.065	0.239	7.0
SE601250-182570	1985-01-03	1.25	3.984	8.914	0.515	0.627	3.554	0.165	19.059	0.239	7.0
SE601250-182570	1985-01-03	1.75	3.984	8.913	0.515	0.627	3.554	0.164	19.054	0.239	7.0
SE601250-182570	1985-01-03	2.25	3.984	8.911	0.516	0.627	3.558	0.164	19.057	0.239	7.0
SE601250-182570	1985-01-03	2.75	3.984	8.908	0.516	0.628	3.565	0.164	19.059	0.240	7.0
SE601250-182570	1985-01-03	3.00	3.984	8.908	0.516	0.628	3.565	0.164	19.059	0.240	7.0
SE601250-182570	1985-01-04	0.00	3.969	8.869	0.522	0.631	3.867	0.202	19.510	0.212	7.0
SE601250-182570	1985-01-04	0.25	3.969	8.869	0.522	0.631	3.867	0.202	19.510	0.212	7.0
SE601250-182570	1985-01-04	0.75	3.969	8.869	0.522	0.632	3.869	0.201	19.519	0.215	7.0
SE601250-182570	1985-01-04	1.25	3.969	8.868	0.522	0.632	3.868	0.201	19.516	0.215	7.0
SE601250-182570	1985-01-04	1.75	3.970	8.866	0.522	0.632	3.869	0.200	19.513	0.215	7.0
SE601250-182570	1985-01-04	2.25	3.970	8.864	0.522	0.633	3.873	0.199	19.514	0.215	7.0
SE601250-182570	1985-01-04	2.75	3.970	8.859	0.523	0.633	3.879	0.199	19.513	0.216	7.0
SE601250-182570	1985-01-04	3.00	3.970	8.859	0.523	0.633	3.879	0.199	19.513	0.216	7.0
SE601250-182570	1985-01-05	0.00	3.956	8.822	0.528	0.637	4.163	0.235	19.939	0.196	7.0
SE601250-182570	1985-01-05	0.25	3.956	8.822	0.528	0.637	4.163	0.235	19.939	0.196	7.0
SE601250-182570	1985-01-05	0.75	3.956	8.822	0.528	0.637	4.165	0.235	19.947	0.199	7.0
SE601250-182570	1985-01-05	1.25	3.956	8.821	0.528	0.637	4.164	0.234	19.944	0.199	7.0
SE601250-182570	1985-01-05	1.75	3.957	8.820	0.528	0.638	4.165	0.233	19.941	0.199	7.0
SE601250-182570	1985-01-05	2.25	3.957	8.816	0.529	0.638	4.169	0.232	19.941	0.199	7.0
SE601250-182570	1985-01-05	2.75	3.958	8.809	0.530	0.639	4.176	0.230	19.934	0.200	7.0
SE601250-182570	1985-01-05	3.00	3.958	8.809	0.530	0.639	4.176	0.230	19.934	0.200	7.0
SE601250-182570	1985-01-06	0.00	3.944	8.775	0.535	0.642	4.450	0.268	20.347	0.179	6.9
SE601250-182570	1985-01-06	0.25	3.944	8.775	0.535	0.642	4.450	0.268	20.347	0.179	6.9
SE601250-182570	1985-01-06	0.75	3.944	8.775	0.535	0.643	4.451	0.268	20.354	0.181	6.9
SE601250-182570	1985-01-06	1.25	3.944	8.774	0.535	0.643	4.450	0.267	20.351	0.181	6.9
SE601250-182570	1985-01-06	1.75	3.945	8.772	0.535	0.643	4.451	0.266	20.348	0.182	6.9
SE601250-182570	1985-01-06	2.25	3.945	8.769	0.536	0.644	4.456	0.265	20.348	0.182	6.9
SE601250-182570	1985-01-06	2.75	3.946	8.762	0.536	0.644	4.462	0.264	20.339	0.183	6.9
SE601250-182570	1985-01-06	3.00	3.946	8.762	0.536	0.644	4.462	0.264	20.339	0.183	6.9
SE601250-182570	1985-01-07	0.00	3.933	8.728	0.541	0.648	4.724	0.301	20.731	0.165	6.9
SE601250-182570	1985-01-07	0.25	3.933	8.728	0.541	0.648	4.724	0.301	20.731	0.165	6.9
SE601250-182570	1985-01-07	0.75	3.933	8.727	0.542	0.649	4.725	0.300	20.737	0.166	6.9
SE601250-182570	1985-01-07	1.25	3.933	8.726	0.542	0.649	4.725	0.299	20.734	0.166	6.9
SE601250-182570	1985-01-07	1.75	3.934	8.725	0.542	0.649	4.726	0.299	20.732	0.167	6.9
SE601250-182570	1985-01-07	2.25	3.934	8.721	0.542	0.649	4.731	0.298	20.732	0.167	6.9
SE601250-182570	1985-01-07	2.75	3.936	8.714	0.543	0.650	4.736	0.295	20.717	0.168	6.9
SE601250-182570	1985-01-07	3.00	3.936	8.714	0.543	0.650	4.736	0.295	20.717	0.168	6.9
SE601250-182570	1985-01-08	0.00	3.924	8.680	0.548	0.654	4.990	0.332	21.096	0.152	6.9
SE601250-182570	1985-01-08	0.25	3.924	8.680	0.548	0.654	4.990	0.332	21.096	0.152	6.9
SE601250-182570	1985-01-08	0.75	3.924	8.680	0.548	0.654	4.991	0.331	21.102	0.153	6.9
SE601250-182570	1985-01-08	1.25	3.924	8.679	0.548	0.654	4.991	0.331	21.099	0.153	6.9
SE601250-182570	1985-01-08	1.75	3.924	8.677	0.548	0.655	4.992	0.330	21.098	0.154	6.9
SE601250-182570	1985-01-08	2.25	3.925	8.674	0.549	0.655	4.996	0.329	21.097	0.154	6.9
SE601250-182570	1985-01-08	2.75	3.926	8.666	0.550	0.656	5.000	0.326	21.079	0.155	6.9
SE601250-182570	1985-01-08	3.00	3.926	8.666	0.550	0.656	5.000	0.326	21.079	0.155	6.9
