EUCD	YYYY-MM-DD	Djup(m)	Salt (psu o/oo)	O2 (ml/l)	PO4 (µmol/l)	TotP (µmol/l)	NO3 (µmol/l)	NH4 (µmol/l)	TotN (µmol/l)	Chla (ug/l)	Siktdjup (m)
SE584227-171600	1985-01-01	0.00	4.000	8.003	0.501	0.619	3.014	0.103	18.408	0.289	6.8
SE584227-171600	1985-01-01	0.25	4.000	8.003	0.501	0.619	3.014	0.103	18.408	0.289	6.8
SE584227-171600	1985-01-01	0.75	4.000	8.003	0.501	0.620	3.014	0.103	18.434	0.294	6.8
SE584227-171600	1985-01-01	1.25	4.000	8.002	0.501	0.620	3.014	0.103	18.434	0.294	6.8
SE584227-171600	1985-01-01	1.75	4.000	8.002	0.501	0.620	3.014	0.103	18.434	0.294	6.8
SE584227-171600	1985-01-01	2.25	4.000	8.002	0.501	0.620	3.014	0.102	18.434	0.294	6.8
SE584227-171600	1985-01-01	2.75	4.000	8.001	0.501	0.620	3.014	0.102	18.435	0.294	6.8
SE584227-171600	1985-01-01	3.25	4.000	8.001	0.501	0.620	3.014	0.102	18.435	0.294	6.8
SE584227-171600	1985-01-01	3.75	4.000	8.000	0.501	0.621	3.015	0.102	18.436	0.294	6.8
SE584227-171600	1985-01-01	4.50	4.000	8.000	0.501	0.621	3.014	0.102	18.436	0.294	6.8
SE584227-171600	1985-01-01	5.50	4.000	8.000	0.501	0.621	3.014	0.102	18.437	0.294	6.8
SE584227-171600	1985-01-01	6.50	4.000	7.999	0.501	0.621	3.015	0.102	18.439	0.295	6.8
SE584227-171600	1985-01-01	7.50	4.000	7.998	0.501	0.621	3.015	0.101	18.441	0.295	6.8
SE584227-171600	1985-01-01	8.50	4.000	7.996	0.501	0.621	3.017	0.101	18.445	0.295	6.8
SE584227-171600	1985-01-01	9.50	4.000	7.994	0.501	0.622	3.019	0.100	18.451	0.296	6.8
SE584227-171600	1985-01-01	30.50	4.000	7.977	0.503	0.623	3.066	0.100	18.485	0.296	6.8
SE584227-171600	1985-01-01	31.00	4.000	7.977	0.503	0.623	3.066	0.100	18.485	0.296	6.8
SE584227-171600	1985-01-02	0.00	4.000	8.089	0.502	0.619	3.054	0.108	18.432	0.283	6.9
SE584227-171600	1985-01-02	0.25	4.000	8.089	0.502	0.619	3.054	0.108	18.432	0.283	6.9
SE584227-171600	1985-01-02	0.75	4.000	8.086	0.502	0.620	3.054	0.107	18.454	0.288	6.9
SE584227-171600	1985-01-02	1.25	4.000	8.085	0.502	0.620	3.054	0.107	18.454	0.288	6.9
SE584227-171600	1985-01-02	1.75	4.000	8.083	0.502	0.620	3.054	0.107	18.454	0.288	6.9
SE584227-171600	1985-01-02	2.25	4.000	8.083	0.502	0.620	3.054	0.107	18.454	0.288	6.9
SE584227-171600	1985-01-02	2.75	4.000	8.082	0.502	0.620	3.054	0.107	18.454	0.288	6.9
SE584227-171600	1985-01-02	3.25	4.000	8.081	0.502	0.620	3.054	0.107	18.454	0.288	6.9
SE584227-171600	1985-01-02	3.75	4.000	8.080	0.502	0.620	3.055	0.107	18.455	0.288	6.9
SE584227-171600	1985-01-02	4.50	4.000	8.080	0.502	0.620	3.054	0.107	18.454	0.288	6.9
SE584227-171600	1985-01-02	5.50	4.000	8.078	0.502	0.620	3.054	0.107	18.454	0.288	6.9
SE584227-171600	1985-01-02	6.50	4.000	8.077	0.502	0.620	3.054	0.107	18.455	0.288	6.9
SE584227-171600	1985-01-02	7.50	4.000	8.076	0.502	0.620	3.055	0.107	18.455	0.288	6.9
SE584227-171600	1985-01-02	8.50	4.000	8.075	0.502	0.620	3.055	0.107	18.456	0.288	6.9
SE584227-171600	1985-01-02	9.50	4.000	8.074	0.502	0.620	3.055	0.107	18.456	0.288	6.9
SE584227-171600	1985-01-02	30.50	4.000	7.943	0.508	0.627	3.165	0.100	18.580	0.285	6.9
SE584227-171600	1985-01-02	31.00	4.000	7.943	0.508	0.627	3.165	0.100	18.580	0.285	6.9
SE584227-171600	1985-01-03	0.00	4.015	8.512	0.503	0.618	3.110	0.114	18.459	0.281	6.9
SE584227-171600	1985-01-03	0.25	4.015	8.512	0.503	0.618	3.110	0.114	18.459	0.281	6.9
SE584227-171600	1985-01-03	0.75	4.016	8.507	0.503	0.619	3.110	0.114	18.478	0.286	6.9
SE584227-171600	1985-01-03	1.25	4.016	8.503	0.503	0.619	3.110	0.114	18.478	0.286	6.9
SE584227-171600	1985-01-03	1.75	4.016	8.501	0.503	0.619	3.110	0.114	18.478	0.286	6.9
SE584227-171600	1985-01-03	2.25	4.016	8.499	0.503	0.619	3.110	0.114	18.478	0.286	6.9
SE584227-171600	1985-01-03	2.75	4.016	8.497	0.503	0.619	3.110	0.114	18.477	0.286	6.9
SE584227-171600	1985-01-03	3.25	4.016	8.495	0.503	0.619	3.110	0.114	18.477	0.286	6.9
SE584227-171600	1985-01-03	3.75	4.017	8.493	0.503	0.620	3.111	0.114	18.478	0.286	6.9
SE584227-171600	1985-01-03	4.50	4.017	8.491	0.503	0.619	3.110	0.114	18.477	0.286	6.9
SE584227-171600	1985-01-03	5.50	4.018	8.487	0.503	0.619	3.110	0.114	18.476	0.287	6.9
SE584227-171600	1985-01-03	6.50	4.020	8.482	0.503	0.619	3.111	0.114	18.475	0.288	6.9
SE584227-171600	1985-01-03	7.50	4.024	8.473	0.503	0.619	3.111	0.114	18.473	0.289	6.9
SE584227-171600	1985-01-03	8.50	4.035	8.453	0.503	0.619	3.113	0.114	18.465	0.293	6.9
SE584227-171600	1985-01-03	9.50	4.082	8.392	0.503	0.619	3.121	0.115	18.435	0.311	6.9
SE584227-171600	1985-01-03	30.50	4.680	8.325	0.502	0.606	3.278	0.147	18.060	0.547	6.9
SE584227-171600	1985-01-03	31.00	4.680	8.325	0.502	0.606	3.278	0.147	18.060	0.547	6.9
SE584227-171600	1985-01-04	0.00	4.336	9.020	0.504	0.612	3.241	0.135	18.302	0.387	7.0
SE584227-171600	1985-01-04	0.25	4.336	9.020	0.504	0.612	3.241	0.135	18.302	0.387	7.0
SE584227-171600	1985-01-04	0.75	4.336	9.015	0.504	0.613	3.240	0.135	18.324	0.393	7.0
SE584227-171600	1985-01-04	1.25	4.337	9.013	0.504	0.613	3.240	0.135	18.323	0.393	7.0
SE584227-171600	1985-01-04	1.75	4.337	9.011	0.504	0.613	3.240	0.135	18.323	0.393	7.0
SE584227-171600	1985-01-04	2.25	4.337	9.009	0.504	0.613	3.241	0.135	18.323	0.393	7.0
SE584227-171600	1985-01-04	2.75	4.337	9.008	0.504	0.613	3.241	0.135	18.323	0.394	7.0
SE584227-171600	1985-01-04	3.25	4.338	9.006	0.504	0.613	3.241	0.135	18.323	0.394	7.0
SE584227-171600	1985-01-04	3.75	4.338	9.005	0.504	0.613	3.242	0.135	18.323	0.394	7.0
SE584227-171600	1985-01-04	4.50	4.339	9.003	0.504	0.613	3.241	0.135	18.322	0.394	7.0
SE584227-171600	1985-01-04	5.50	4.340	9.000	0.504	0.613	3.242	0.135	18.321	0.395	7.0
SE584227-171600	1985-01-04	6.50	4.342	8.996	0.504	0.613	3.242	0.135	18.320	0.395	7.0
SE584227-171600	1985-01-04	7.50	4.346	8.990	0.504	0.613	3.243	0.135	18.319	0.397	7.0
SE584227-171600	1985-01-04	8.50	4.353	8.980	0.504	0.613	3.245	0.135	18.315	0.399	7.0
SE584227-171600	1985-01-04	9.50	4.370	8.960	0.504	0.613	3.250	0.136	18.306	0.405	7.0
SE584227-171600	1985-01-04	30.50	5.074	8.636	0.505	0.602	3.408	0.167	17.903	0.648	7.0
SE584227-171600	1985-01-04	31.00	5.074	8.636	0.505	0.602	3.408	0.167	17.903	0.648	7.0
SE584227-171600	1985-01-05	0.00	4.650	9.217	0.505	0.607	3.368	0.154	18.170	0.474	7.0
SE584227-171600	1985-01-05	0.25	4.650	9.217	0.505	0.607	3.368	0.154	18.170	0.474	7.0
SE584227-171600	1985-01-05	0.75	4.651	9.213	0.505	0.608	3.368	0.154	18.193	0.482	7.0
SE584227-171600	1985-01-05	1.25	4.651	9.211	0.505	0.608	3.368	0.154	18.192	0.482	7.0
SE584227-171600	1985-01-05	1.75	4.651	9.209	0.505	0.608	3.368	0.154	18.192	0.482	7.0
SE584227-171600	1985-01-05	2.25	4.652	9.207	0.505	0.608	3.368	0.154	18.192	0.482	7.0
SE584227-171600	1985-01-05	2.75	4.652	9.206	0.505	0.608	3.368	0.154	18.192	0.482	7.0
SE584227-171600	1985-01-05	3.25	4.653	9.204	0.505	0.608	3.369	0.154	18.191	0.483	7.0
SE584227-171600	1985-01-05	3.75	4.654	9.202	0.505	0.608	3.370	0.154	18.192	0.483	7.0
SE584227-171600	1985-01-05	4.50	4.656	9.199	0.505	0.608	3.369	0.154	18.190	0.483	7.0
SE584227-171600	1985-01-05	5.50	4.660	9.192	0.505	0.608	3.370	0.154	18.188	0.485	7.0
SE584227-171600	1985-01-05	6.50	4.672	9.177	0.505	0.608	3.373	0.154	18.182	0.489	7.0
SE584227-171600	1985-01-05	7.50	4.705	9.141	0.505	0.608	3.380	0.155	18.165	0.499	7.0
SE584227-171600	1985-01-05	8.50	4.807	9.040	0.506	0.606	3.402	0.158	18.113	0.531	7.0
SE584227-171600	1985-01-05	9.50	5.021	8.878	0.506	0.604	3.437	0.165	17.990	0.597	7.0
SE584227-171600	1985-01-05	30.50	5.329	8.812	0.506	0.598	3.495	0.178	17.823	0.697	7.0
SE584227-171600	1985-01-05	31.00	5.329	8.812	0.506	0.598	3.495	0.178	17.823	0.697	7.0
SE584227-171600	1985-01-06	0.00	4.778	9.206	0.506	0.603	3.454	0.172	18.135	0.491	7.1
SE584227-171600	1985-01-06	0.25	4.778	9.206	0.506	0.603	3.454	0.172	18.135	0.491	7.1
SE584227-171600	1985-01-06	0.75	4.779	9.204	0.506	0.604	3.453	0.170	18.150	0.500	7.1
SE584227-171600	1985-01-06	1.25	4.788	9.195	0.506	0.604	3.449	0.166	18.142	0.507	7.1
SE584227-171600	1985-01-06	1.75	4.812	9.170	0.506	0.605	3.449	0.163	18.130	0.519	7.1
SE584227-171600	1985-01-06	2.25	4.847	9.135	0.507	0.605	3.455	0.162	18.115	0.532	7.1
SE584227-171600	1985-01-06	2.75	4.904	9.082	0.507	0.605	3.460	0.161	18.082	0.549	7.1
SE584227-171600	1985-01-06	3.25	4.967	9.026	0.507	0.604	3.470	0.163	18.049	0.567	7.1
SE584227-171600	1985-01-06	3.75	5.032	8.971	0.508	0.604	3.482	0.164	18.017	0.585	7.1
SE584227-171600	1985-01-06	4.50	5.103	8.915	0.508	0.603	3.493	0.166	17.979	0.605	7.1
SE584227-171600	1985-01-06	5.50	5.202	8.848	0.508	0.602	3.509	0.170	17.925	0.633	7.1
SE584227-171600	1985-01-06	6.50	5.274	8.817	0.508	0.601	3.522	0.172	17.888	0.654	7.1
SE584227-171600	1985-01-06	7.50	5.324	8.812	0.508	0.601	3.535	0.175	17.867	0.669	7.1
SE584227-171600	1985-01-06	8.50	5.360	8.821	0.509	0.600	3.548	0.177	17.854	0.682	7.1
SE584227-171600	1985-01-06	9.50	5.387	8.834	0.508	0.599	3.554	0.179	17.840	0.695	7.1
SE584227-171600	1985-01-06	30.50	5.465	8.831	0.507	0.596	3.563	0.183	17.784	0.724	7.1
SE584227-171600	1985-01-06	31.00	5.465	8.831	0.507	0.596	3.563	0.183	17.784	0.724	7.1
SE584227-171600	1985-01-07	0.00	4.956	9.045	0.508	0.598	3.558	0.189	18.079	0.513	7.2
SE584227-171600	1985-01-07	0.25	4.956	9.045	0.508	0.598	3.558	0.189	18.079	0.513	7.2
SE584227-171600	1985-01-07	0.75	4.961	9.041	0.508	0.599	3.557	0.187	18.088	0.525	7.2
SE584227-171600	1985-01-07	1.25	5.041	8.992	0.508	0.600	3.553	0.174	18.034	0.564	7.2
SE584227-171600	1985-01-07	1.75	5.101	8.957	0.509	0.601	3.562	0.169	18.014	0.590	7.2
SE584227-171600	1985-01-07	2.25	5.149	8.932	0.509	0.601	3.575	0.169	18.005	0.607	7.2
SE584227-171600	1985-01-07	2.75	5.189	8.917	0.509	0.602	3.589	0.170	18.003	0.620	7.2
SE584227-171600	1985-01-07	3.25	5.222	8.911	0.510	0.602	3.604	0.172	18.005	0.629	7.2
SE584227-171600	1985-01-07	3.75	5.249	8.901	0.510	0.602	3.617	0.174	18.008	0.636	7.2
SE584227-171600	1985-01-07	4.50	5.277	8.902	0.510	0.601	3.632	0.176	18.012	0.644	7.2
SE584227-171600	1985-01-07	5.50	5.307	8.849	0.511	0.603	3.599	0.173	17.943	0.652	7.2
SE584227-171600	1985-01-07	6.50	5.349	8.827	0.511	0.603	3.596	0.173	17.903	0.664	7.2
SE584227-171600	1985-01-07	7.50	5.386	8.831	0.511	0.602	3.605	0.175	17.886	0.676	7.2
SE584227-171600	1985-01-07	8.50	5.416	8.844	0.511	0.601	3.614	0.178	17.872	0.686	7.2
SE584227-171600	1985-01-07	9.50	5.444	8.861	0.510	0.599	3.620	0.180	17.855	0.694	7.2
SE584227-171600	1985-01-07	30.50	5.603	8.946	0.507	0.591	3.625	0.189	17.744	0.742	7.2
SE584227-171600	1985-01-07	31.00	5.603	8.946	0.507	0.591	3.625	0.189	17.744	0.742	7.2
SE584227-171600	1985-01-08	0.00	5.157	8.950	0.510	0.595	3.666	0.198	18.028	0.552	7.2
SE584227-171600	1985-01-08	0.25	5.157	8.950	0.510	0.595	3.666	0.198	18.028	0.552	7.2
SE584227-171600	1985-01-08	0.75	5.161	8.949	0.510	0.596	3.665	0.196	18.037	0.563	7.2
SE584227-171600	1985-01-08	1.25	5.214	8.938	0.510	0.598	3.659	0.181	18.002	0.598	7.2
SE584227-171600	1985-01-08	1.75	5.255	8.930	0.511	0.599	3.664	0.176	17.995	0.620	7.2
SE584227-171600	1985-01-08	2.25	5.286	8.924	0.511	0.600	3.674	0.174	17.997	0.634	7.2
SE584227-171600	1985-01-08	2.75	5.311	8.910	0.512	0.601	3.680	0.174	17.997	0.643	7.2
SE584227-171600	1985-01-08	3.25	5.334	8.897	0.512	0.601	3.682	0.174	17.991	0.649	7.2
SE584227-171600	1985-01-08	3.75	5.357	8.884	0.513	0.602	3.680	0.174	17.977	0.654	7.2
SE584227-171600	1985-01-08	4.50	5.386	8.873	0.513	0.602	3.675	0.175	17.954	0.661	7.2
SE584227-171600	1985-01-08	5.50	5.436	8.868	0.513	0.602	3.672	0.177	17.915	0.671	7.2
SE584227-171600	1985-01-08	6.50	5.488	8.877	0.513	0.601	3.671	0.179	17.878	0.682	7.2
SE584227-171600	1985-01-08	7.50	5.537	8.894	0.512	0.599	3.670	0.182	17.844	0.693	7.2
SE584227-171600	1985-01-08	8.50	5.578	8.913	0.511	0.597	3.668	0.185	17.815	0.703	7.2
SE584227-171600	1985-01-08	9.50	5.610	8.934	0.510	0.595	3.670	0.187	17.797	0.711	7.2
SE584227-171600	1985-01-08	30.50	5.681	9.006	0.506	0.588	3.671	0.190	17.741	0.740	7.2
SE584227-171600	1985-01-08	31.00	5.681	9.006	0.506	0.588	3.671	0.190	17.741	0.740	7.2
