EUCD	YYYY-MM-DD	Djup(m)	Salt (psu o/oo)	O2 (ml/l)	PO4 (µmol/l)	TotP (µmol/l)	NO3 (µmol/l)	NH4 (µmol/l)	TotN (µmol/l)	Chla (ug/l)	Siktdjup (m)
SE575782-165143	1985-01-01	0.00	6.000	8.004	0.500	0.618	3.014	0.109	18.403	0.287	6.9
SE575782-165143	1985-01-01	0.25	6.000	8.004	0.500	0.618	3.014	0.109	18.403	0.287	6.9
SE575782-165143	1985-01-01	0.75	6.000	8.003	0.500	0.620	3.012	0.108	18.426	0.292	6.9
SE575782-165143	1985-01-01	1.25	6.000	8.003	0.500	0.620	3.011	0.107	18.426	0.292	6.9
SE575782-165143	1985-01-01	1.75	6.000	8.002	0.500	0.620	3.011	0.106	18.426	0.292	6.9
SE575782-165143	1985-01-01	2.25	6.000	8.001	0.500	0.620	3.010	0.105	18.427	0.293	6.9
SE575782-165143	1985-01-01	2.75	6.000	8.000	0.501	0.620	3.010	0.103	18.430	0.294	6.9
SE575782-165143	1985-01-01	3.25	6.000	7.998	0.501	0.621	3.010	0.101	18.436	0.295	6.9
SE575782-165143	1985-01-01	3.75	6.000	7.998	0.501	0.621	3.009	0.101	18.438	0.296	6.9
SE575782-165143	1985-01-01	4.50	6.000	7.998	0.501	0.621	3.007	0.100	18.438	0.296	6.9
SE575782-165143	1985-01-01	5.50	6.000	7.998	0.501	0.621	3.007	0.100	18.439	0.296	6.9
SE575782-165143	1985-01-01	6.50	6.000	7.998	0.501	0.621	3.007	0.100	18.440	0.296	6.9
SE575782-165143	1985-01-01	7.50	6.000	7.997	0.501	0.622	3.008	0.100	18.441	0.296	6.9
SE575782-165143	1985-01-01	8.50	6.000	7.996	0.501	0.622	3.011	0.100	18.444	0.296	6.9
SE575782-165143	1985-01-01	9.50	6.000	7.994	0.502	0.622	3.017	0.100	18.450	0.296	6.9
SE575782-165143	1985-01-01	33.50	6.000	7.979	0.506	0.625	3.061	0.100	18.480	0.296	6.9
SE575782-165143	1985-01-01	34.00	6.000	7.979	0.506	0.625	3.061	0.100	18.480	0.296	6.9
SE575782-165143	1985-01-02	0.00	6.000	8.071	0.503	0.620	3.039	0.108	18.429	0.286	6.9
SE575782-165143	1985-01-02	0.25	6.000	8.071	0.503	0.620	3.039	0.108	18.429	0.286	6.9
SE575782-165143	1985-01-02	0.75	6.000	8.067	0.503	0.622	3.039	0.108	18.453	0.291	6.9
SE575782-165143	1985-01-02	1.25	6.000	8.064	0.503	0.622	3.039	0.108	18.453	0.291	6.9
SE575782-165143	1985-01-02	1.75	6.000	8.063	0.503	0.622	3.039	0.108	18.453	0.291	6.9
SE575782-165143	1985-01-02	2.25	6.000	8.061	0.503	0.622	3.039	0.108	18.453	0.291	6.9
SE575782-165143	1985-01-02	2.75	6.000	8.060	0.503	0.622	3.040	0.108	18.453	0.291	6.9
SE575782-165143	1985-01-02	3.25	6.000	8.059	0.503	0.622	3.040	0.108	18.454	0.291	6.9
SE575782-165143	1985-01-02	3.75	6.000	8.058	0.503	0.622	3.040	0.108	18.454	0.291	6.9
SE575782-165143	1985-01-02	4.50	6.000	8.058	0.503	0.622	3.039	0.108	18.453	0.291	6.9
SE575782-165143	1985-01-02	5.50	6.000	8.056	0.503	0.622	3.039	0.107	18.453	0.291	6.9
SE575782-165143	1985-01-02	6.50	6.000	8.055	0.503	0.622	3.039	0.107	18.453	0.291	6.9
SE575782-165143	1985-01-02	7.50	6.000	8.055	0.503	0.622	3.039	0.107	18.453	0.291	6.9
SE575782-165143	1985-01-02	8.50	6.000	8.054	0.503	0.622	3.039	0.107	18.453	0.291	6.9
SE575782-165143	1985-01-02	9.50	6.000	8.052	0.503	0.622	3.042	0.107	18.456	0.291	6.9
SE575782-165143	1985-01-02	33.50	6.000	7.938	0.516	0.636	3.179	0.100	18.591	0.285	6.9
SE575782-165143	1985-01-02	34.00	6.000	7.938	0.516	0.636	3.179	0.100	18.591	0.285	6.9
SE575782-165143	1985-01-03	0.00	6.020	8.395	0.504	0.619	3.087	0.117	18.399	0.305	6.9
SE575782-165143	1985-01-03	0.25	6.020	8.395	0.504	0.619	3.087	0.117	18.399	0.305	6.9
SE575782-165143	1985-01-03	0.75	6.020	8.389	0.504	0.621	3.087	0.117	18.422	0.311	6.9
SE575782-165143	1985-01-03	1.25	6.020	8.386	0.504	0.621	3.087	0.117	18.421	0.311	6.9
SE575782-165143	1985-01-03	1.75	6.020	8.384	0.504	0.621	3.087	0.117	18.421	0.311	6.9
SE575782-165143	1985-01-03	2.25	6.020	8.383	0.504	0.621	3.087	0.116	18.421	0.311	6.9
SE575782-165143	1985-01-03	2.75	6.020	8.381	0.504	0.621	3.088	0.116	18.422	0.311	6.9
SE575782-165143	1985-01-03	3.25	6.020	8.380	0.504	0.621	3.088	0.116	18.422	0.311	6.9
SE575782-165143	1985-01-03	3.75	6.020	8.379	0.504	0.621	3.088	0.116	18.422	0.311	6.9
SE575782-165143	1985-01-03	4.50	6.020	8.377	0.504	0.621	3.087	0.116	18.420	0.311	6.9
SE575782-165143	1985-01-03	5.50	6.021	8.375	0.504	0.621	3.087	0.116	18.420	0.311	6.9
SE575782-165143	1985-01-03	6.50	6.021	8.374	0.504	0.621	3.088	0.116	18.420	0.312	6.9
SE575782-165143	1985-01-03	7.50	6.021	8.372	0.504	0.621	3.088	0.116	18.419	0.312	6.9
SE575782-165143	1985-01-03	8.50	6.021	8.370	0.504	0.621	3.088	0.116	18.419	0.312	6.9
SE575782-165143	1985-01-03	9.50	6.022	8.367	0.504	0.621	3.091	0.116	18.420	0.313	6.9
SE575782-165143	1985-01-03	33.50	6.149	8.256	0.504	0.612	3.231	0.140	18.164	0.487	6.9
SE575782-165143	1985-01-03	34.00	6.149	8.256	0.504	0.612	3.231	0.140	18.164	0.487	6.9
SE575782-165143	1985-01-04	0.00	6.099	8.806	0.505	0.614	3.187	0.133	18.254	0.393	6.9
SE575782-165143	1985-01-04	0.25	6.099	8.806	0.505	0.614	3.187	0.133	18.254	0.393	6.9
SE575782-165143	1985-01-04	0.75	6.099	8.801	0.505	0.616	3.187	0.133	18.279	0.400	6.9
SE575782-165143	1985-01-04	1.25	6.099	8.798	0.505	0.616	3.187	0.133	18.278	0.400	6.9
SE575782-165143	1985-01-04	1.75	6.099	8.797	0.505	0.616	3.187	0.133	18.278	0.400	6.9
SE575782-165143	1985-01-04	2.25	6.099	8.795	0.505	0.616	3.187	0.133	18.278	0.400	6.9
SE575782-165143	1985-01-04	2.75	6.099	8.794	0.505	0.616	3.188	0.133	18.279	0.400	6.9
SE575782-165143	1985-01-04	3.25	6.100	8.793	0.505	0.616	3.189	0.133	18.279	0.400	6.9
SE575782-165143	1985-01-04	3.75	6.100	8.792	0.505	0.616	3.188	0.133	18.279	0.400	6.9
SE575782-165143	1985-01-04	4.50	6.100	8.791	0.505	0.616	3.187	0.133	18.278	0.400	6.9
SE575782-165143	1985-01-04	5.50	6.100	8.789	0.505	0.616	3.188	0.133	18.277	0.400	6.9
SE575782-165143	1985-01-04	6.50	6.100	8.788	0.505	0.616	3.188	0.133	18.277	0.400	6.9
SE575782-165143	1985-01-04	7.50	6.100	8.787	0.505	0.616	3.188	0.133	18.277	0.401	6.9
SE575782-165143	1985-01-04	8.50	6.100	8.786	0.505	0.616	3.188	0.133	18.277	0.401	6.9
SE575782-165143	1985-01-04	9.50	6.100	8.784	0.505	0.616	3.191	0.133	18.279	0.401	6.9
SE575782-165143	1985-01-04	33.50	6.246	8.572	0.505	0.605	3.362	0.161	18.003	0.594	6.9
SE575782-165143	1985-01-04	34.00	6.246	8.572	0.505	0.605	3.362	0.161	18.003	0.594	6.9
SE575782-165143	1985-01-05	0.00	6.165	8.980	0.506	0.610	3.274	0.147	18.146	0.455	7.0
SE575782-165143	1985-01-05	0.25	6.165	8.980	0.506	0.610	3.274	0.147	18.146	0.455	7.0
SE575782-165143	1985-01-05	0.75	6.165	8.976	0.506	0.612	3.274	0.147	18.172	0.463	7.0
SE575782-165143	1985-01-05	1.25	6.165	8.974	0.506	0.612	3.274	0.147	18.171	0.463	7.0
SE575782-165143	1985-01-05	1.75	6.165	8.973	0.506	0.612	3.274	0.146	18.171	0.463	7.0
SE575782-165143	1985-01-05	2.25	6.165	8.971	0.506	0.612	3.274	0.146	18.171	0.463	7.0
SE575782-165143	1985-01-05	2.75	6.165	8.970	0.506	0.612	3.275	0.146	18.171	0.463	7.0
SE575782-165143	1985-01-05	3.25	6.165	8.969	0.506	0.612	3.275	0.146	18.172	0.463	7.0
SE575782-165143	1985-01-05	3.75	6.165	8.968	0.506	0.612	3.275	0.146	18.172	0.463	7.0
SE575782-165143	1985-01-05	4.50	6.165	8.967	0.506	0.612	3.274	0.146	18.170	0.463	7.0
SE575782-165143	1985-01-05	5.50	6.165	8.966	0.506	0.612	3.275	0.146	18.170	0.464	7.0
SE575782-165143	1985-01-05	6.50	6.166	8.964	0.506	0.612	3.275	0.146	18.170	0.464	7.0
SE575782-165143	1985-01-05	7.50	6.166	8.962	0.506	0.612	3.275	0.146	18.169	0.464	7.0
SE575782-165143	1985-01-05	8.50	6.166	8.961	0.506	0.612	3.276	0.146	18.168	0.465	7.0
SE575782-165143	1985-01-05	9.50	6.167	8.958	0.506	0.612	3.278	0.146	18.170	0.465	7.0
SE575782-165143	1985-01-05	33.50	6.315	8.776	0.506	0.601	3.454	0.174	17.910	0.653	7.0
SE575782-165143	1985-01-05	34.00	6.315	8.776	0.506	0.601	3.454	0.174	17.910	0.653	7.0
SE575782-165143	1985-01-06	0.00	6.193	9.000	0.507	0.608	3.319	0.155	18.106	0.472	7.0
SE575782-165143	1985-01-06	0.25	6.193	9.000	0.507	0.608	3.319	0.155	18.106	0.472	7.0
SE575782-165143	1985-01-06	0.75	6.193	8.999	0.507	0.609	3.318	0.155	18.130	0.481	7.0
SE575782-165143	1985-01-06	1.25	6.193	8.997	0.507	0.609	3.318	0.155	18.129	0.481	7.0
SE575782-165143	1985-01-06	1.75	6.193	8.996	0.507	0.609	3.318	0.154	18.129	0.481	7.0
SE575782-165143	1985-01-06	2.25	6.194	8.995	0.507	0.609	3.319	0.154	18.128	0.482	7.0
SE575782-165143	1985-01-06	2.75	6.194	8.994	0.507	0.609	3.319	0.154	18.128	0.482	7.0
SE575782-165143	1985-01-06	3.25	6.194	8.992	0.507	0.609	3.320	0.154	18.128	0.482	7.0
SE575782-165143	1985-01-06	3.75	6.195	8.991	0.507	0.609	3.320	0.154	18.127	0.483	7.0
SE575782-165143	1985-01-06	4.50	6.196	8.988	0.507	0.609	3.320	0.154	18.125	0.484	7.0
SE575782-165143	1985-01-06	5.50	6.198	8.978	0.507	0.609	3.322	0.154	18.120	0.487	7.0
SE575782-165143	1985-01-06	6.50	6.207	8.950	0.507	0.609	3.328	0.154	18.107	0.497	7.0
SE575782-165143	1985-01-06	7.50	6.237	8.856	0.506	0.607	3.348	0.154	18.057	0.529	7.0
SE575782-165143	1985-01-06	8.50	6.260	8.787	0.506	0.606	3.369	0.155	18.024	0.553	7.0
SE575782-165143	1985-01-06	9.50	6.272	8.755	0.507	0.606	3.388	0.157	18.012	0.567	7.0
SE575782-165143	1985-01-06	33.50	6.371	8.818	0.508	0.599	3.526	0.181	17.853	0.694	7.0
SE575782-165143	1985-01-06	34.00	6.371	8.818	0.508	0.599	3.526	0.181	17.853	0.694	7.0
SE575782-165143	1985-01-07	0.00	6.271	9.079	0.508	0.603	3.413	0.165	17.996	0.538	7.0
SE575782-165143	1985-01-07	0.25	6.271	9.079	0.508	0.603	3.413	0.165	17.996	0.538	7.0
SE575782-165143	1985-01-07	0.75	6.271	9.075	0.508	0.605	3.412	0.164	18.024	0.547	7.0
SE575782-165143	1985-01-07	1.25	6.271	9.073	0.508	0.605	3.412	0.164	18.024	0.547	7.0
SE575782-165143	1985-01-07	1.75	6.271	9.072	0.508	0.605	3.412	0.164	18.024	0.547	7.0
SE575782-165143	1985-01-07	2.25	6.271	9.071	0.508	0.605	3.413	0.164	18.023	0.547	7.0
SE575782-165143	1985-01-07	2.75	6.271	9.069	0.508	0.605	3.413	0.164	18.024	0.547	7.0
SE575782-165143	1985-01-07	3.25	6.271	9.068	0.508	0.605	3.414	0.164	18.025	0.547	7.0
SE575782-165143	1985-01-07	3.75	6.271	9.068	0.508	0.605	3.414	0.164	18.024	0.547	7.0
SE575782-165143	1985-01-07	4.50	6.272	9.067	0.508	0.605	3.413	0.164	18.023	0.548	7.0
SE575782-165143	1985-01-07	5.50	6.272	9.066	0.508	0.605	3.413	0.164	18.023	0.548	7.0
SE575782-165143	1985-01-07	6.50	6.272	9.064	0.508	0.605	3.413	0.164	18.023	0.548	7.0
SE575782-165143	1985-01-07	7.50	6.272	9.063	0.508	0.605	3.414	0.164	18.022	0.548	7.0
SE575782-165143	1985-01-07	8.50	6.272	9.062	0.508	0.605	3.414	0.164	18.022	0.548	7.0
SE575782-165143	1985-01-07	9.50	6.273	9.060	0.508	0.605	3.416	0.164	18.024	0.549	7.0
SE575782-165143	1985-01-07	33.50	6.403	8.773	0.516	0.604	3.647	0.185	17.888	0.692	7.0
SE575782-165143	1985-01-07	34.00	6.403	8.773	0.516	0.604	3.647	0.185	17.888	0.692	7.0
SE575782-165143	1985-01-08	0.00	6.298	9.149	0.509	0.602	3.444	0.169	17.969	0.539	7.0
SE575782-165143	1985-01-08	0.25	6.298	9.149	0.509	0.602	3.444	0.169	17.969	0.539	7.0
SE575782-165143	1985-01-08	0.75	6.298	9.146	0.509	0.603	3.444	0.169	17.997	0.548	7.0
SE575782-165143	1985-01-08	1.25	6.298	9.144	0.509	0.603	3.444	0.169	17.997	0.548	7.0
SE575782-165143	1985-01-08	1.75	6.299	9.143	0.509	0.603	3.444	0.169	17.997	0.549	7.0
SE575782-165143	1985-01-08	2.25	6.299	9.142	0.509	0.603	3.444	0.168	17.997	0.549	7.0
SE575782-165143	1985-01-08	2.75	6.299	9.140	0.509	0.603	3.445	0.168	17.997	0.549	7.0
SE575782-165143	1985-01-08	3.25	6.299	9.139	0.509	0.603	3.445	0.168	17.998	0.549	7.0
SE575782-165143	1985-01-08	3.75	6.299	9.138	0.509	0.603	3.445	0.168	17.997	0.549	7.0
SE575782-165143	1985-01-08	4.50	6.299	9.137	0.509	0.603	3.444	0.168	17.996	0.549	7.0
SE575782-165143	1985-01-08	5.50	6.300	9.134	0.509	0.603	3.445	0.168	17.995	0.550	7.0
SE575782-165143	1985-01-08	6.50	6.300	9.131	0.509	0.603	3.445	0.168	17.995	0.550	7.0
SE575782-165143	1985-01-08	7.50	6.301	9.126	0.509	0.603	3.445	0.168	17.994	0.551	7.0
SE575782-165143	1985-01-08	8.50	6.303	9.119	0.509	0.603	3.446	0.168	17.992	0.553	7.0
SE575782-165143	1985-01-08	9.50	6.306	9.105	0.509	0.603	3.450	0.168	17.990	0.556	7.0
SE575782-165143	1985-01-08	33.50	6.433	8.978	0.510	0.596	3.608	0.190	17.832	0.696	7.0
SE575782-165143	1985-01-08	34.00	6.433	8.978	0.510	0.596	3.608	0.190	17.832	0.696	7.0
