EUCD	YYYY-MM-DD	Djup(m)	Salt (psu o/oo)	O2 (ml/l)	PO4 (µmol/l)	TotP (µmol/l)	NO3 (µmol/l)	NH4 (µmol/l)	TotN (µmol/l)	Chla (ug/l)	Siktdjup (m)
SE581815-164320	1985-01-01	0.00	6.000	8.000	0.503	0.621	3.043	0.107	18.427	0.286	6.9
SE581815-164320	1985-01-01	0.25	6.000	8.000	0.503	0.621	3.043	0.107	18.427	0.286	6.9
SE581815-164320	1985-01-01	0.75	6.000	7.999	0.503	0.622	3.043	0.107	18.450	0.290	6.9
SE581815-164320	1985-01-01	1.25	6.000	7.998	0.503	0.622	3.044	0.106	18.451	0.290	6.9
SE581815-164320	1985-01-01	1.75	6.000	7.998	0.503	0.622	3.045	0.106	18.452	0.291	6.9
SE581815-164320	1985-01-01	2.25	6.000	7.997	0.504	0.622	3.046	0.106	18.453	0.291	6.9
SE581815-164320	1985-01-01	2.75	6.000	7.996	0.504	0.623	3.050	0.106	18.456	0.291	6.9
SE581815-164320	1985-01-01	3.25	6.000	7.993	0.505	0.623	3.057	0.106	18.463	0.291	6.9
SE581815-164320	1985-01-01	3.75	6.000	7.990	0.505	0.624	3.066	0.106	18.464	0.291	6.9
SE581815-164320	1985-01-01	4.00	6.000	7.990	0.505	0.624	3.066	0.106	18.464	0.291	6.9
SE581815-164320	1985-01-02	0.00	6.000	8.229	0.512	0.626	3.164	0.127	18.518	0.276	7.0
SE581815-164320	1985-01-02	0.25	6.000	8.229	0.512	0.626	3.164	0.127	18.518	0.276	7.0
SE581815-164320	1985-01-02	0.75	6.000	8.226	0.512	0.627	3.165	0.127	18.530	0.280	7.0
SE581815-164320	1985-01-02	1.25	6.000	8.225	0.512	0.627	3.165	0.127	18.531	0.280	7.0
SE581815-164320	1985-01-02	1.75	6.000	8.223	0.512	0.627	3.166	0.127	18.531	0.280	7.0
SE581815-164320	1985-01-02	2.25	6.000	8.222	0.513	0.628	3.168	0.126	18.533	0.280	7.0
SE581815-164320	1985-01-02	2.75	6.000	8.220	0.513	0.628	3.170	0.126	18.535	0.281	7.0
SE581815-164320	1985-01-02	3.25	6.000	8.218	0.513	0.628	3.176	0.126	18.542	0.281	7.0
SE581815-164320	1985-01-02	3.75	6.000	8.214	0.514	0.629	3.184	0.126	18.546	0.281	7.0
SE581815-164320	1985-01-02	4.00	6.000	8.214	0.514	0.629	3.184	0.126	18.546	0.281	7.0
SE581815-164320	1985-01-03	0.00	5.996	8.952	0.523	0.635	3.337	0.156	18.705	0.261	7.0
SE581815-164320	1985-01-03	0.25	5.996	8.952	0.523	0.635	3.337	0.156	18.705	0.261	7.0
SE581815-164320	1985-01-03	0.75	5.996	8.952	0.523	0.636	3.337	0.155	18.714	0.265	7.0
SE581815-164320	1985-01-03	1.25	5.996	8.952	0.523	0.636	3.337	0.155	18.714	0.265	7.0
SE581815-164320	1985-01-03	1.75	5.996	8.951	0.523	0.636	3.338	0.155	18.714	0.265	7.0
SE581815-164320	1985-01-03	2.25	5.996	8.951	0.523	0.636	3.339	0.155	18.715	0.265	7.0
SE581815-164320	1985-01-03	2.75	5.996	8.950	0.523	0.636	3.341	0.155	18.717	0.265	7.0
SE581815-164320	1985-01-03	3.25	5.996	8.948	0.524	0.637	3.346	0.155	18.722	0.265	7.0
SE581815-164320	1985-01-03	3.75	5.996	8.946	0.524	0.637	3.352	0.155	18.726	0.265	7.0
SE581815-164320	1985-01-03	4.00	5.996	8.946	0.524	0.637	3.352	0.155	18.726	0.265	7.0
SE581815-164320	1985-01-04	0.00	5.992	8.915	0.533	0.644	3.499	0.185	18.886	0.242	7.1
SE581815-164320	1985-01-04	0.25	5.992	8.915	0.533	0.644	3.499	0.185	18.886	0.242	7.1
SE581815-164320	1985-01-04	0.75	5.992	8.915	0.533	0.645	3.499	0.185	18.892	0.246	7.1
SE581815-164320	1985-01-04	1.25	5.992	8.915	0.533	0.645	3.499	0.184	18.892	0.246	7.1
SE581815-164320	1985-01-04	1.75	5.992	8.914	0.533	0.645	3.500	0.183	18.892	0.246	7.1
SE581815-164320	1985-01-04	2.25	5.992	8.913	0.533	0.645	3.501	0.183	18.893	0.246	7.1
SE581815-164320	1985-01-04	2.75	5.993	8.911	0.533	0.645	3.504	0.182	18.896	0.247	7.1
SE581815-164320	1985-01-04	3.25	5.993	8.908	0.534	0.646	3.512	0.181	18.903	0.247	7.1
SE581815-164320	1985-01-04	3.75	5.993	8.905	0.535	0.647	3.521	0.181	18.909	0.247	7.1
SE581815-164320	1985-01-04	4.00	5.993	8.905	0.535	0.647	3.521	0.181	18.909	0.247	7.1
SE581815-164320	1985-01-05	0.00	5.989	8.878	0.542	0.653	3.655	0.211	19.065	0.234	7.1
SE581815-164320	1985-01-05	0.25	5.989	8.878	0.542	0.653	3.655	0.211	19.065	0.234	7.1
SE581815-164320	1985-01-05	0.75	5.989	8.878	0.542	0.654	3.655	0.211	19.070	0.237	7.1
SE581815-164320	1985-01-05	1.25	5.989	8.877	0.542	0.654	3.655	0.210	19.070	0.237	7.1
SE581815-164320	1985-01-05	1.75	5.989	8.877	0.542	0.654	3.655	0.210	19.070	0.237	7.1
SE581815-164320	1985-01-05	2.25	5.989	8.876	0.543	0.654	3.657	0.209	19.071	0.237	7.1
SE581815-164320	1985-01-05	2.75	5.989	8.875	0.543	0.654	3.659	0.209	19.073	0.238	7.1
SE581815-164320	1985-01-05	3.25	5.989	8.873	0.544	0.655	3.665	0.209	19.079	0.238	7.1
SE581815-164320	1985-01-05	3.75	5.989	8.870	0.544	0.656	3.673	0.208	19.085	0.238	7.1
SE581815-164320	1985-01-05	4.00	5.989	8.870	0.544	0.656	3.673	0.208	19.085	0.238	7.1
SE581815-164320	1985-01-06	0.00	5.986	8.841	0.552	0.662	3.806	0.236	19.241	0.231	7.1
SE581815-164320	1985-01-06	0.25	5.986	8.841	0.552	0.662	3.806	0.236	19.241	0.231	7.1
SE581815-164320	1985-01-06	0.75	5.986	8.841	0.552	0.663	3.806	0.235	19.246	0.234	7.1
SE581815-164320	1985-01-06	1.25	5.986	8.840	0.552	0.663	3.806	0.234	19.245	0.234	7.1
SE581815-164320	1985-01-06	1.75	5.986	8.840	0.552	0.663	3.807	0.234	19.246	0.234	7.1
SE581815-164320	1985-01-06	2.25	5.986	8.839	0.552	0.663	3.808	0.234	19.247	0.234	7.1
SE581815-164320	1985-01-06	2.75	5.986	8.838	0.552	0.663	3.811	0.233	19.249	0.235	7.1
SE581815-164320	1985-01-06	3.25	5.986	8.836	0.553	0.664	3.817	0.233	19.255	0.235	7.1
SE581815-164320	1985-01-06	3.75	5.986	8.833	0.554	0.665	3.825	0.233	19.261	0.235	7.1
SE581815-164320	1985-01-06	4.00	5.986	8.833	0.554	0.665	3.825	0.233	19.261	0.235	7.1
SE581815-164320	1985-01-07	0.00	5.983	8.803	0.562	0.672	3.961	0.262	19.416	0.217	7.1
SE581815-164320	1985-01-07	0.25	5.983	8.803	0.562	0.672	3.961	0.262	19.416	0.217	7.1
SE581815-164320	1985-01-07	0.75	5.983	8.803	0.562	0.672	3.961	0.262	19.420	0.220	7.1
SE581815-164320	1985-01-07	1.25	5.983	8.803	0.562	0.672	3.961	0.261	19.419	0.220	7.1
SE581815-164320	1985-01-07	1.75	5.983	8.802	0.562	0.672	3.962	0.261	19.420	0.221	7.1
SE581815-164320	1985-01-07	2.25	5.983	8.802	0.562	0.672	3.963	0.260	19.421	0.221	7.1
SE581815-164320	1985-01-07	2.75	5.983	8.801	0.562	0.673	3.966	0.260	19.423	0.221	7.1
SE581815-164320	1985-01-07	3.25	5.983	8.798	0.563	0.673	3.972	0.260	19.429	0.221	7.1
SE581815-164320	1985-01-07	3.75	5.983	8.795	0.564	0.674	3.980	0.259	19.435	0.221	7.1
SE581815-164320	1985-01-07	4.00	5.983	8.795	0.564	0.674	3.980	0.259	19.435	0.221	7.1
SE581815-164320	1985-01-08	0.00	5.980	8.766	0.571	0.681	4.111	0.286	19.588	0.214	7.1
SE581815-164320	1985-01-08	0.25	5.980	8.766	0.571	0.681	4.111	0.286	19.588	0.214	7.1
SE581815-164320	1985-01-08	0.75	5.980	8.766	0.571	0.681	4.110	0.285	19.592	0.217	7.1
SE581815-164320	1985-01-08	1.25	5.980	8.765	0.571	0.681	4.111	0.285	19.592	0.217	7.1
SE581815-164320	1985-01-08	1.75	5.980	8.765	0.571	0.681	4.111	0.284	19.592	0.217	7.1
SE581815-164320	1985-01-08	2.25	5.980	8.764	0.572	0.682	4.113	0.284	19.593	0.217	7.1
SE581815-164320	1985-01-08	2.75	5.980	8.763	0.572	0.682	4.116	0.284	19.596	0.217	7.1
SE581815-164320	1985-01-08	3.25	5.980	8.761	0.572	0.682	4.122	0.283	19.602	0.217	7.1
SE581815-164320	1985-01-08	3.75	5.980	8.758	0.573	0.683	4.129	0.283	19.608	0.218	7.1
SE581815-164320	1985-01-08	4.00	5.980	8.758	0.573	0.683	4.129	0.283	19.608	0.218	7.1
