EUCD	YYYY-MM-DD	Djup(m)	Salt (psu o/oo)	O2 (ml/l)	PO4 (µmol/l)	TotP (µmol/l)	NO3 (µmol/l)	NH4 (µmol/l)	TotN (µmol/l)	Chla (ug/l)	Siktdjup (m)
SE582630-165210	1985-01-01	0.00	6.000	8.004	0.500	0.619	3.006	0.103	18.402	0.289	6.8
SE582630-165210	1985-01-01	0.25	6.000	8.004	0.500	0.619	3.006	0.103	18.402	0.289	6.8
SE582630-165210	1985-01-01	0.75	6.000	8.003	0.500	0.620	3.006	0.102	18.429	0.294	6.8
SE582630-165210	1985-01-01	1.25	6.000	8.003	0.500	0.620	3.005	0.102	18.429	0.294	6.8
SE582630-165210	1985-01-01	1.75	6.000	8.003	0.500	0.620	3.005	0.102	18.429	0.294	6.8
SE582630-165210	1985-01-01	2.25	6.000	8.003	0.500	0.620	3.005	0.102	18.429	0.294	6.8
SE582630-165210	1985-01-01	2.75	6.000	8.002	0.500	0.620	3.005	0.102	18.429	0.295	6.8
SE582630-165210	1985-01-01	3.25	6.000	8.002	0.500	0.620	3.005	0.102	18.430	0.295	6.8
SE582630-165210	1985-01-01	3.75	6.000	8.002	0.500	0.621	3.005	0.102	18.430	0.295	6.8
SE582630-165210	1985-01-01	4.50	6.000	8.002	0.500	0.621	3.005	0.101	18.430	0.295	6.8
SE582630-165210	1985-01-01	5.50	6.000	8.002	0.500	0.621	3.005	0.101	18.430	0.295	6.8
SE582630-165210	1985-01-01	6.50	6.000	8.001	0.500	0.621	3.005	0.101	18.431	0.295	6.8
SE582630-165210	1985-01-01	7.50	6.000	8.001	0.500	0.621	3.004	0.101	18.432	0.295	6.8
SE582630-165210	1985-01-01	8.50	6.000	8.001	0.500	0.621	3.004	0.101	18.432	0.295	6.8
SE582630-165210	1985-01-01	9.50	6.000	8.000	0.500	0.621	3.004	0.101	18.433	0.296	6.8
SE582630-165210	1985-01-01	48.50	6.000	7.979	0.506	0.625	3.061	0.100	18.480	0.296	6.8
SE582630-165210	1985-01-01	49.00	6.000	7.979	0.506	0.625	3.061	0.100	18.480	0.296	6.8
SE582630-165210	1985-01-02	0.00	6.000	8.064	0.502	0.619	3.021	0.103	18.412	0.284	6.9
SE582630-165210	1985-01-02	0.25	6.000	8.064	0.502	0.619	3.021	0.103	18.412	0.284	6.9
SE582630-165210	1985-01-02	0.75	6.000	8.060	0.502	0.621	3.021	0.103	18.438	0.288	6.9
SE582630-165210	1985-01-02	1.25	6.000	8.058	0.502	0.621	3.021	0.103	18.439	0.288	6.9
SE582630-165210	1985-01-02	1.75	6.000	8.057	0.502	0.621	3.021	0.103	18.438	0.288	6.9
SE582630-165210	1985-01-02	2.25	6.000	8.056	0.502	0.621	3.021	0.103	18.438	0.288	6.9
SE582630-165210	1985-01-02	2.75	6.000	8.055	0.502	0.621	3.021	0.103	18.438	0.288	6.9
SE582630-165210	1985-01-02	3.25	6.000	8.054	0.502	0.621	3.021	0.103	18.438	0.288	6.9
SE582630-165210	1985-01-02	3.75	6.000	8.053	0.502	0.621	3.021	0.103	18.439	0.288	6.9
SE582630-165210	1985-01-02	4.50	6.000	8.052	0.502	0.621	3.021	0.103	18.438	0.288	6.9
SE582630-165210	1985-01-02	5.50	6.000	8.051	0.502	0.621	3.021	0.103	18.439	0.289	6.9
SE582630-165210	1985-01-02	6.50	6.000	8.050	0.502	0.621	3.021	0.103	18.439	0.289	6.9
SE582630-165210	1985-01-02	7.50	6.000	8.050	0.502	0.621	3.021	0.103	18.439	0.289	6.9
SE582630-165210	1985-01-02	8.50	6.000	8.049	0.502	0.621	3.021	0.103	18.439	0.289	6.9
SE582630-165210	1985-01-02	9.50	6.000	8.048	0.502	0.621	3.021	0.103	18.439	0.289	6.9
SE582630-165210	1985-01-02	48.50	6.000	7.944	0.515	0.634	3.161	0.100	18.574	0.285	6.9
SE582630-165210	1985-01-02	49.00	6.000	7.944	0.515	0.634	3.161	0.100	18.574	0.285	6.9
SE582630-165210	1985-01-03	0.00	6.000	8.290	0.503	0.620	3.051	0.106	18.434	0.275	6.9
SE582630-165210	1985-01-03	0.25	6.000	8.290	0.503	0.620	3.051	0.106	18.434	0.275	6.9
SE582630-165210	1985-01-03	0.75	6.000	8.284	0.503	0.622	3.051	0.106	18.459	0.279	6.9
SE582630-165210	1985-01-03	1.25	6.000	8.281	0.503	0.622	3.051	0.106	18.459	0.279	6.9
SE582630-165210	1985-01-03	1.75	6.000	8.279	0.503	0.622	3.051	0.106	18.459	0.279	6.9
SE582630-165210	1985-01-03	2.25	6.000	8.277	0.503	0.622	3.051	0.106	18.459	0.279	6.9
SE582630-165210	1985-01-03	2.75	6.000	8.276	0.503	0.622	3.051	0.105	18.459	0.279	6.9
SE582630-165210	1985-01-03	3.25	6.000	8.274	0.503	0.622	3.051	0.105	18.459	0.279	6.9
SE582630-165210	1985-01-03	3.75	6.000	8.273	0.503	0.622	3.051	0.105	18.459	0.279	6.9
SE582630-165210	1985-01-03	4.50	6.000	8.272	0.503	0.622	3.051	0.105	18.459	0.279	6.9
SE582630-165210	1985-01-03	5.50	6.000	8.271	0.503	0.622	3.051	0.105	18.458	0.279	6.9
SE582630-165210	1985-01-03	6.50	6.000	8.270	0.503	0.622	3.051	0.105	18.458	0.279	6.9
SE582630-165210	1985-01-03	7.50	6.000	8.269	0.503	0.622	3.051	0.105	18.458	0.279	6.9
SE582630-165210	1985-01-03	8.50	6.000	8.268	0.503	0.622	3.051	0.105	18.458	0.279	6.9
SE582630-165210	1985-01-03	9.50	6.000	8.267	0.503	0.622	3.051	0.105	18.458	0.279	6.9
SE582630-165210	1985-01-03	48.50	6.001	8.239	0.505	0.624	3.068	0.105	18.465	0.281	6.9
SE582630-165210	1985-01-03	49.00	6.001	8.239	0.505	0.624	3.068	0.105	18.465	0.281	6.9
SE582630-165210	1985-01-04	0.00	6.000	8.756	0.505	0.621	3.079	0.109	18.451	0.266	6.9
SE582630-165210	1985-01-04	0.25	6.000	8.756	0.505	0.621	3.079	0.109	18.451	0.266	6.9
SE582630-165210	1985-01-04	0.75	6.000	8.750	0.505	0.623	3.079	0.109	18.474	0.271	6.9
SE582630-165210	1985-01-04	1.25	6.000	8.747	0.505	0.623	3.079	0.109	18.474	0.271	6.9
SE582630-165210	1985-01-04	1.75	6.000	8.745	0.505	0.623	3.079	0.109	18.474	0.271	6.9
SE582630-165210	1985-01-04	2.25	6.000	8.743	0.505	0.623	3.079	0.109	18.474	0.271	6.9
SE582630-165210	1985-01-04	2.75	6.000	8.742	0.505	0.623	3.079	0.109	18.474	0.271	6.9
SE582630-165210	1985-01-04	3.25	6.000	8.741	0.505	0.623	3.079	0.109	18.474	0.271	6.9
SE582630-165210	1985-01-04	3.75	6.000	8.740	0.505	0.623	3.079	0.109	18.474	0.271	6.9
SE582630-165210	1985-01-04	4.50	6.000	8.739	0.505	0.623	3.079	0.109	18.474	0.271	6.9
SE582630-165210	1985-01-04	5.50	6.000	8.737	0.505	0.623	3.079	0.109	18.474	0.271	6.9
SE582630-165210	1985-01-04	6.50	6.000	8.736	0.505	0.623	3.079	0.109	18.474	0.271	6.9
SE582630-165210	1985-01-04	7.50	6.000	8.735	0.505	0.623	3.079	0.109	18.474	0.271	6.9
SE582630-165210	1985-01-04	8.50	6.000	8.734	0.505	0.623	3.079	0.109	18.474	0.271	6.9
SE582630-165210	1985-01-04	9.50	6.000	8.734	0.505	0.623	3.079	0.109	18.474	0.271	6.9
SE582630-165210	1985-01-04	48.50	6.025	8.702	0.506	0.622	3.117	0.113	18.418	0.305	6.9
SE582630-165210	1985-01-04	49.00	6.025	8.702	0.506	0.622	3.117	0.113	18.418	0.305	6.9
SE582630-165210	1985-01-05	0.00	6.002	9.058	0.506	0.622	3.107	0.112	18.464	0.262	6.9
SE582630-165210	1985-01-05	0.25	6.002	9.058	0.506	0.622	3.107	0.112	18.464	0.262	6.9
SE582630-165210	1985-01-05	0.75	6.002	9.054	0.506	0.623	3.107	0.112	18.486	0.266	6.9
SE582630-165210	1985-01-05	1.25	6.002	9.051	0.506	0.623	3.107	0.112	18.486	0.266	6.9
SE582630-165210	1985-01-05	1.75	6.002	9.050	0.506	0.623	3.107	0.112	18.485	0.266	6.9
SE582630-165210	1985-01-05	2.25	6.002	9.048	0.506	0.623	3.107	0.112	18.485	0.266	6.9
SE582630-165210	1985-01-05	2.75	6.002	9.047	0.506	0.623	3.107	0.112	18.485	0.266	6.9
SE582630-165210	1985-01-05	3.25	6.002	9.046	0.506	0.623	3.107	0.112	18.485	0.266	6.9
SE582630-165210	1985-01-05	3.75	6.002	9.045	0.506	0.623	3.107	0.112	18.485	0.266	6.9
SE582630-165210	1985-01-05	4.50	6.002	9.044	0.506	0.623	3.107	0.112	18.485	0.266	6.9
SE582630-165210	1985-01-05	5.50	6.002	9.043	0.506	0.623	3.107	0.112	18.485	0.266	6.9
SE582630-165210	1985-01-05	6.50	6.002	9.042	0.506	0.623	3.107	0.112	18.485	0.266	6.9
SE582630-165210	1985-01-05	7.50	6.002	9.041	0.506	0.623	3.107	0.112	18.485	0.266	6.9
SE582630-165210	1985-01-05	8.50	6.002	9.041	0.506	0.623	3.107	0.112	18.485	0.266	6.9
SE582630-165210	1985-01-05	9.50	6.002	9.040	0.506	0.623	3.107	0.112	18.485	0.266	6.9
SE582630-165210	1985-01-05	48.50	6.057	8.968	0.508	0.620	3.180	0.123	18.359	0.340	6.9
SE582630-165210	1985-01-05	49.00	6.057	8.968	0.508	0.620	3.180	0.123	18.359	0.340	6.9
SE582630-165210	1985-01-06	0.00	6.002	9.152	0.508	0.621	3.142	0.123	18.485	0.254	7.0
SE582630-165210	1985-01-06	0.25	6.002	9.152	0.508	0.621	3.142	0.123	18.485	0.254	7.0
SE582630-165210	1985-01-06	0.75	6.002	9.152	0.508	0.622	3.141	0.122	18.500	0.259	7.0
SE582630-165210	1985-01-06	1.25	6.002	9.150	0.508	0.622	3.140	0.121	18.499	0.259	7.0
SE582630-165210	1985-01-06	1.75	6.002	9.147	0.508	0.622	3.138	0.120	18.497	0.260	7.0
SE582630-165210	1985-01-06	2.25	6.002	9.145	0.508	0.623	3.136	0.119	18.496	0.260	7.0
SE582630-165210	1985-01-06	2.75	6.002	9.141	0.507	0.623	3.133	0.118	18.495	0.261	7.0
SE582630-165210	1985-01-06	3.25	6.002	9.135	0.507	0.623	3.129	0.116	18.493	0.262	7.0
SE582630-165210	1985-01-06	3.75	6.002	9.131	0.507	0.623	3.127	0.115	18.493	0.263	7.0
SE582630-165210	1985-01-06	4.50	6.002	9.128	0.507	0.623	3.125	0.114	18.494	0.264	7.0
SE582630-165210	1985-01-06	5.50	6.002	9.126	0.507	0.624	3.124	0.114	18.495	0.264	7.0
SE582630-165210	1985-01-06	6.50	6.003	9.125	0.507	0.624	3.124	0.114	18.495	0.264	7.0
SE582630-165210	1985-01-06	7.50	6.003	9.125	0.507	0.624	3.124	0.113	18.495	0.264	7.0
SE582630-165210	1985-01-06	8.50	6.003	9.124	0.507	0.624	3.124	0.113	18.495	0.264	7.0
SE582630-165210	1985-01-06	9.50	6.003	9.123	0.507	0.624	3.124	0.113	18.496	0.263	7.0
SE582630-165210	1985-01-06	48.50	6.268	8.795	0.509	0.604	3.466	0.167	17.921	0.623	7.0
SE582630-165210	1985-01-06	49.00	6.268	8.795	0.509	0.604	3.466	0.167	17.921	0.623	7.0
SE582630-165210	1985-01-07	0.00	6.001	9.178	0.508	0.621	3.170	0.132	18.509	0.251	7.0
SE582630-165210	1985-01-07	0.25	6.001	9.178	0.508	0.621	3.170	0.132	18.509	0.251	7.0
SE582630-165210	1985-01-07	0.75	6.001	9.178	0.508	0.622	3.169	0.131	18.520	0.255	7.0
SE582630-165210	1985-01-07	1.25	6.001	9.177	0.508	0.622	3.168	0.131	18.518	0.255	7.0
SE582630-165210	1985-01-07	1.75	6.001	9.175	0.508	0.622	3.166	0.130	18.516	0.256	7.0
SE582630-165210	1985-01-07	2.25	6.001	9.173	0.508	0.622	3.164	0.129	18.515	0.256	7.0
SE582630-165210	1985-01-07	2.75	6.001	9.170	0.508	0.622	3.162	0.128	18.512	0.257	7.0
SE582630-165210	1985-01-07	3.25	6.001	9.165	0.508	0.622	3.158	0.126	18.508	0.258	7.0
SE582630-165210	1985-01-07	3.75	6.001	9.155	0.508	0.622	3.151	0.122	18.502	0.259	7.0
SE582630-165210	1985-01-07	4.50	6.002	9.142	0.508	0.623	3.142	0.118	18.495	0.260	7.0
SE582630-165210	1985-01-07	5.50	6.002	9.132	0.508	0.623	3.136	0.115	18.494	0.260	7.0
SE582630-165210	1985-01-07	6.50	6.002	9.127	0.508	0.624	3.134	0.113	18.495	0.259	7.0
SE582630-165210	1985-01-07	7.50	6.003	9.123	0.508	0.624	3.133	0.113	18.498	0.258	7.0
SE582630-165210	1985-01-07	8.50	6.003	9.121	0.508	0.624	3.134	0.112	18.501	0.256	7.0
SE582630-165210	1985-01-07	9.50	6.003	9.120	0.508	0.625	3.136	0.112	18.503	0.255	7.0
SE582630-165210	1985-01-07	48.50	6.284	8.829	0.510	0.603	3.511	0.170	17.901	0.628	7.0
SE582630-165210	1985-01-07	49.00	6.284	8.829	0.510	0.603	3.511	0.170	17.901	0.628	7.0
SE582630-165210	1985-01-08	0.00	6.000	9.190	0.509	0.621	3.193	0.138	18.532	0.246	7.0
SE582630-165210	1985-01-08	0.25	6.000	9.190	0.509	0.621	3.193	0.138	18.532	0.246	7.0
SE582630-165210	1985-01-08	0.75	6.000	9.190	0.509	0.622	3.192	0.137	18.540	0.251	7.0
SE582630-165210	1985-01-08	1.25	6.000	9.189	0.509	0.622	3.191	0.137	18.538	0.251	7.0
SE582630-165210	1985-01-08	1.75	6.000	9.188	0.509	0.622	3.190	0.136	18.537	0.251	7.0
SE582630-165210	1985-01-08	2.25	6.000	9.186	0.509	0.622	3.188	0.135	18.535	0.252	7.0
SE582630-165210	1985-01-08	2.75	6.000	9.184	0.509	0.622	3.185	0.134	18.532	0.253	7.0
SE582630-165210	1985-01-08	3.25	6.000	9.179	0.509	0.622	3.181	0.132	18.526	0.253	7.0
SE582630-165210	1985-01-08	3.75	6.001	9.166	0.509	0.622	3.171	0.127	18.514	0.255	7.0
SE582630-165210	1985-01-08	4.50	6.002	9.150	0.509	0.622	3.158	0.121	18.502	0.256	7.0
SE582630-165210	1985-01-08	5.50	6.002	9.136	0.509	0.623	3.151	0.116	18.495	0.255	7.0
SE582630-165210	1985-01-08	6.50	6.003	9.128	0.509	0.624	3.148	0.114	18.494	0.254	7.0
SE582630-165210	1985-01-08	7.50	6.004	9.122	0.509	0.624	3.149	0.113	18.496	0.252	7.0
SE582630-165210	1985-01-08	8.50	6.005	9.118	0.509	0.625	3.153	0.113	18.498	0.251	7.0
SE582630-165210	1985-01-08	9.50	6.008	9.113	0.510	0.625	3.160	0.113	18.498	0.252	7.0
SE582630-165210	1985-01-08	48.50	6.336	8.942	0.511	0.598	3.580	0.180	17.834	0.666	7.0
SE582630-165210	1985-01-08	49.00	6.336	8.942	0.511	0.598	3.580	0.180	17.834	0.666	7.0
