EUCD	YYYY-MM-DD	Djup(m)	Salt (psu o/oo)	O2 (ml/l)	PO4 (µmol/l)	TotP (µmol/l)	NO3 (µmol/l)	NH4 (µmol/l)	TotN (µmol/l)	Chla (ug/l)	Siktdjup (m)
SE574520-182151	1985-01-01	0.00	6.000	8.004	0.500	0.618	3.006	0.104	18.402	0.289	6.8
SE574520-182151	1985-01-01	0.25	6.000	8.004	0.500	0.618	3.006	0.104	18.402	0.289	6.8
SE574520-182151	1985-01-01	0.75	6.000	8.003	0.500	0.620	3.005	0.103	18.428	0.294	6.8
SE574520-182151	1985-01-01	1.25	6.000	8.003	0.500	0.620	3.005	0.103	18.428	0.294	6.8
SE574520-182151	1985-01-01	1.75	6.000	8.003	0.500	0.620	3.005	0.103	18.428	0.294	6.8
SE574520-182151	1985-01-01	2.25	6.000	8.003	0.500	0.620	3.005	0.103	18.428	0.294	6.8
SE574520-182151	1985-01-01	2.75	6.000	8.002	0.500	0.620	3.004	0.103	18.428	0.294	6.8
SE574520-182151	1985-01-01	3.25	6.000	8.002	0.500	0.620	3.004	0.102	18.428	0.294	6.8
SE574520-182151	1985-01-01	3.75	6.000	8.002	0.500	0.620	3.004	0.102	18.428	0.294	6.8
SE574520-182151	1985-01-01	4.50	6.000	8.002	0.500	0.620	3.004	0.102	18.429	0.295	6.8
SE574520-182151	1985-01-01	5.50	6.000	8.001	0.500	0.620	3.003	0.102	18.429	0.295	6.8
SE574520-182151	1985-01-01	6.50	6.000	8.001	0.500	0.621	3.003	0.101	18.430	0.295	6.8
SE574520-182151	1985-01-01	7.50	6.000	8.000	0.500	0.621	3.002	0.100	18.432	0.296	6.8
SE574520-182151	1985-01-01	8.50	6.000	8.000	0.500	0.621	3.002	0.100	18.434	0.296	6.8
SE574520-182151	1985-01-01	9.50	6.000	8.000	0.500	0.621	3.001	0.100	18.434	0.296	6.8
SE574520-182151	1985-01-01	106.75	6.000	7.994	0.502	0.622	3.019	0.100	18.450	0.297	6.8
SE574520-182151	1985-01-01	109.00	6.000	7.994	0.502	0.622	3.019	0.100	18.450	0.297	6.8
SE574520-182151	1985-01-02	0.00	6.000	8.043	0.500	0.618	3.007	0.103	18.402	0.284	6.8
SE574520-182151	1985-01-02	0.25	6.000	8.043	0.500	0.618	3.007	0.103	18.402	0.284	6.8
SE574520-182151	1985-01-02	0.75	6.000	8.040	0.500	0.620	3.007	0.103	18.429	0.289	6.8
SE574520-182151	1985-01-02	1.25	6.000	8.038	0.500	0.620	3.007	0.103	18.429	0.289	6.8
SE574520-182151	1985-01-02	1.75	6.000	8.037	0.500	0.620	3.007	0.103	18.429	0.289	6.8
SE574520-182151	1985-01-02	2.25	6.000	8.036	0.500	0.620	3.007	0.103	18.429	0.289	6.8
SE574520-182151	1985-01-02	2.75	6.000	8.035	0.500	0.620	3.007	0.103	18.429	0.289	6.8
SE574520-182151	1985-01-02	3.25	6.000	8.034	0.500	0.620	3.007	0.103	18.429	0.289	6.8
SE574520-182151	1985-01-02	3.75	6.000	8.034	0.500	0.620	3.007	0.103	18.429	0.289	6.8
SE574520-182151	1985-01-02	4.50	6.000	8.033	0.500	0.620	3.007	0.103	18.429	0.289	6.8
SE574520-182151	1985-01-02	5.50	6.000	8.032	0.500	0.620	3.006	0.102	18.429	0.289	6.8
SE574520-182151	1985-01-02	6.50	6.000	8.031	0.500	0.620	3.006	0.102	18.429	0.289	6.8
SE574520-182151	1985-01-02	7.50	6.000	8.030	0.500	0.620	3.006	0.102	18.429	0.289	6.8
SE574520-182151	1985-01-02	8.50	6.000	8.029	0.500	0.620	3.006	0.102	18.429	0.289	6.8
SE574520-182151	1985-01-02	9.50	6.000	8.029	0.500	0.620	3.006	0.102	18.429	0.289	6.8
SE574520-182151	1985-01-02	106.75	6.000	7.975	0.507	0.626	3.074	0.100	18.490	0.285	6.8
SE574520-182151	1985-01-02	109.00	6.000	7.975	0.507	0.626	3.074	0.100	18.490	0.285	6.8
SE574520-182151	1985-01-03	0.00	6.144	8.230	0.501	0.609	3.202	0.137	18.128	0.469	6.9
SE574520-182151	1985-01-03	0.25	6.144	8.230	0.501	0.609	3.202	0.137	18.128	0.469	6.9
SE574520-182151	1985-01-03	0.75	6.144	8.225	0.501	0.610	3.202	0.136	18.156	0.477	6.9
SE574520-182151	1985-01-03	1.25	6.145	8.222	0.501	0.610	3.202	0.136	18.155	0.478	6.9
SE574520-182151	1985-01-03	1.75	6.145	8.220	0.501	0.610	3.203	0.136	18.154	0.478	6.9
SE574520-182151	1985-01-03	2.25	6.145	8.219	0.501	0.610	3.203	0.136	18.153	0.479	6.9
SE574520-182151	1985-01-03	2.75	6.146	8.218	0.501	0.610	3.203	0.136	18.153	0.479	6.9
SE574520-182151	1985-01-03	3.25	6.146	8.216	0.501	0.610	3.203	0.136	18.152	0.479	6.9
SE574520-182151	1985-01-03	3.75	6.146	8.215	0.501	0.610	3.203	0.136	18.152	0.479	6.9
SE574520-182151	1985-01-03	4.50	6.146	8.214	0.501	0.610	3.203	0.136	18.151	0.479	6.9
SE574520-182151	1985-01-03	5.50	6.146	8.213	0.501	0.610	3.203	0.136	18.151	0.480	6.9
SE574520-182151	1985-01-03	6.50	6.146	8.211	0.501	0.610	3.203	0.136	18.150	0.480	6.9
SE574520-182151	1985-01-03	7.50	6.147	8.210	0.501	0.610	3.203	0.136	18.150	0.480	6.9
SE574520-182151	1985-01-03	8.50	6.147	8.209	0.501	0.610	3.203	0.136	18.149	0.480	6.9
SE574520-182151	1985-01-03	9.50	6.147	8.208	0.501	0.610	3.203	0.136	18.149	0.481	6.9
SE574520-182151	1985-01-03	106.75	6.388	7.418	0.707	0.814	3.449	0.169	17.985	0.504	6.9
SE574520-182151	1985-01-03	109.00	6.388	7.418	0.707	0.814	3.449	0.169	17.985	0.504	6.9
SE574520-182151	1985-01-04	0.00	6.254	8.416	0.504	0.603	3.349	0.158	17.940	0.586	7.0
SE574520-182151	1985-01-04	0.25	6.254	8.416	0.504	0.603	3.349	0.158	17.940	0.586	7.0
SE574520-182151	1985-01-04	0.75	6.254	8.410	0.504	0.605	3.349	0.158	17.972	0.596	7.0
SE574520-182151	1985-01-04	1.25	6.254	8.407	0.504	0.605	3.349	0.158	17.971	0.597	7.0
SE574520-182151	1985-01-04	1.75	6.254	8.405	0.504	0.605	3.349	0.158	17.971	0.597	7.0
SE574520-182151	1985-01-04	2.25	6.254	8.403	0.504	0.605	3.349	0.158	17.970	0.597	7.0
SE574520-182151	1985-01-04	2.75	6.254	8.402	0.504	0.605	3.349	0.158	17.970	0.597	7.0
SE574520-182151	1985-01-04	3.25	6.255	8.401	0.504	0.605	3.349	0.158	17.970	0.597	7.0
SE574520-182151	1985-01-04	3.75	6.255	8.400	0.504	0.605	3.349	0.158	17.970	0.597	7.0
SE574520-182151	1985-01-04	4.50	6.255	8.399	0.504	0.605	3.349	0.158	17.970	0.597	7.0
SE574520-182151	1985-01-04	5.50	6.255	8.397	0.504	0.605	3.349	0.158	17.969	0.597	7.0
SE574520-182151	1985-01-04	6.50	6.255	8.396	0.504	0.605	3.349	0.158	17.969	0.597	7.0
SE574520-182151	1985-01-04	7.50	6.255	8.395	0.504	0.605	3.349	0.158	17.969	0.598	7.0
SE574520-182151	1985-01-04	8.50	6.255	8.394	0.504	0.605	3.349	0.158	17.969	0.598	7.0
SE574520-182151	1985-01-04	9.50	6.255	8.394	0.504	0.605	3.349	0.158	17.969	0.598	7.0
SE574520-182151	1985-01-04	106.75	6.683	6.903	0.882	0.981	3.771	0.216	17.702	0.618	7.0
SE574520-182151	1985-01-04	109.00	6.683	6.903	0.882	0.981	3.771	0.216	17.702	0.618	7.0
SE574520-182151	1985-01-05	0.00	6.333	8.550	0.506	0.599	3.456	0.172	17.822	0.654	7.0
SE574520-182151	1985-01-05	0.25	6.333	8.550	0.506	0.599	3.456	0.172	17.822	0.654	7.0
SE574520-182151	1985-01-05	0.75	6.333	8.546	0.506	0.601	3.456	0.172	17.856	0.665	7.0
SE574520-182151	1985-01-05	1.25	6.333	8.544	0.506	0.601	3.456	0.172	17.856	0.666	7.0
SE574520-182151	1985-01-05	1.75	6.333	8.543	0.506	0.601	3.456	0.172	17.855	0.666	7.0
SE574520-182151	1985-01-05	2.25	6.334	8.541	0.506	0.601	3.456	0.172	17.855	0.666	7.0
SE574520-182151	1985-01-05	2.75	6.334	8.541	0.506	0.601	3.456	0.172	17.855	0.666	7.0
SE574520-182151	1985-01-05	3.25	6.334	8.540	0.506	0.601	3.456	0.172	17.854	0.666	7.0
SE574520-182151	1985-01-05	3.75	6.334	8.539	0.506	0.601	3.457	0.172	17.854	0.666	7.0
SE574520-182151	1985-01-05	4.50	6.334	8.538	0.506	0.601	3.456	0.172	17.854	0.667	7.0
SE574520-182151	1985-01-05	5.50	6.334	8.537	0.506	0.601	3.457	0.172	17.854	0.667	7.0
SE574520-182151	1985-01-05	6.50	6.334	8.536	0.506	0.601	3.457	0.172	17.853	0.667	7.0
SE574520-182151	1985-01-05	7.50	6.334	8.536	0.506	0.601	3.457	0.172	17.853	0.667	7.0
SE574520-182151	1985-01-05	8.50	6.334	8.535	0.506	0.601	3.457	0.172	17.853	0.667	7.0
SE574520-182151	1985-01-05	9.50	6.334	8.534	0.506	0.601	3.457	0.172	17.853	0.667	7.0
SE574520-182151	1985-01-05	106.75	6.903	6.513	1.015	1.107	4.020	0.248	17.530	0.685	7.0
SE574520-182151	1985-01-05	109.00	6.903	6.513	1.015	1.107	4.020	0.248	17.530	0.685	7.0
SE574520-182151	1985-01-06	0.00	6.381	8.592	0.507	0.596	3.526	0.179	17.767	0.687	7.0
SE574520-182151	1985-01-06	0.25	6.381	8.592	0.507	0.596	3.526	0.179	17.767	0.687	7.0
SE574520-182151	1985-01-06	0.75	6.381	8.590	0.507	0.598	3.526	0.179	17.802	0.699	7.0
SE574520-182151	1985-01-06	1.25	6.382	8.589	0.507	0.598	3.526	0.179	17.801	0.700	7.0
SE574520-182151	1985-01-06	1.75	6.382	8.588	0.507	0.598	3.526	0.179	17.800	0.700	7.0
SE574520-182151	1985-01-06	2.25	6.382	8.587	0.507	0.598	3.526	0.179	17.799	0.701	7.0
SE574520-182151	1985-01-06	2.75	6.383	8.586	0.507	0.598	3.526	0.179	17.798	0.701	7.0
SE574520-182151	1985-01-06	3.25	6.383	8.586	0.507	0.598	3.526	0.179	17.798	0.701	7.0
SE574520-182151	1985-01-06	3.75	6.383	8.585	0.507	0.598	3.527	0.179	17.798	0.702	7.0
SE574520-182151	1985-01-06	4.50	6.383	8.585	0.507	0.598	3.527	0.179	17.797	0.702	7.0
SE574520-182151	1985-01-06	5.50	6.384	8.584	0.507	0.598	3.527	0.179	17.796	0.703	7.0
SE574520-182151	1985-01-06	6.50	6.384	8.583	0.507	0.598	3.527	0.179	17.795	0.703	7.0
SE574520-182151	1985-01-06	7.50	6.385	8.582	0.507	0.598	3.527	0.179	17.794	0.704	7.0
SE574520-182151	1985-01-06	8.50	6.385	8.581	0.507	0.598	3.527	0.179	17.793	0.705	7.0
SE574520-182151	1985-01-06	9.50	6.386	8.580	0.507	0.598	3.527	0.179	17.792	0.706	7.0
SE574520-182151	1985-01-06	106.75	7.074	6.207	1.120	1.207	4.220	0.270	17.431	0.722	7.0
SE574520-182151	1985-01-06	109.00	7.074	6.207	1.120	1.207	4.220	0.270	17.431	0.722	7.0
SE574520-182151	1985-01-07	0.00	6.439	8.660	0.509	0.594	3.597	0.185	17.696	0.713	7.0
SE574520-182151	1985-01-07	0.25	6.439	8.660	0.509	0.594	3.597	0.185	17.696	0.713	7.0
SE574520-182151	1985-01-07	0.75	6.439	8.657	0.509	0.596	3.596	0.185	17.737	0.725	7.0
SE574520-182151	1985-01-07	1.25	6.440	8.655	0.509	0.596	3.596	0.185	17.736	0.725	7.0
SE574520-182151	1985-01-07	1.75	6.440	8.654	0.509	0.596	3.597	0.185	17.736	0.725	7.0
SE574520-182151	1985-01-07	2.25	6.440	8.653	0.509	0.596	3.597	0.185	17.736	0.725	7.0
SE574520-182151	1985-01-07	2.75	6.440	8.652	0.509	0.596	3.597	0.185	17.736	0.725	7.0
SE574520-182151	1985-01-07	3.25	6.440	8.651	0.509	0.596	3.597	0.185	17.736	0.725	7.0
SE574520-182151	1985-01-07	3.75	6.440	8.650	0.509	0.596	3.597	0.185	17.735	0.725	7.0
SE574520-182151	1985-01-07	4.50	6.440	8.650	0.509	0.596	3.597	0.185	17.735	0.726	7.0
SE574520-182151	1985-01-07	5.50	6.440	8.649	0.509	0.596	3.597	0.185	17.735	0.726	7.0
SE574520-182151	1985-01-07	6.50	6.440	8.648	0.509	0.596	3.597	0.185	17.735	0.726	7.0
SE574520-182151	1985-01-07	7.50	6.440	8.647	0.509	0.596	3.597	0.185	17.735	0.726	7.0
SE574520-182151	1985-01-07	8.50	6.440	8.646	0.509	0.596	3.597	0.185	17.734	0.726	7.0
SE574520-182151	1985-01-07	9.50	6.440	8.646	0.509	0.596	3.597	0.185	17.734	0.726	7.0
SE574520-182151	1985-01-07	106.75	7.211	5.959	1.205	1.288	4.386	0.286	17.380	0.739	7.0
SE574520-182151	1985-01-07	109.00	7.211	5.959	1.205	1.288	4.386	0.286	17.380	0.739	7.0
SE574520-182151	1985-01-08	0.00	6.478	8.705	0.511	0.592	3.649	0.189	17.666	0.721	7.0
SE574520-182151	1985-01-08	0.25	6.478	8.705	0.511	0.592	3.649	0.189	17.666	0.721	7.0
SE574520-182151	1985-01-08	0.75	6.478	8.702	0.511	0.595	3.648	0.188	17.709	0.734	7.0
SE574520-182151	1985-01-08	1.25	6.478	8.701	0.511	0.595	3.648	0.188	17.709	0.734	7.0
SE574520-182151	1985-01-08	1.75	6.478	8.700	0.511	0.595	3.649	0.188	17.708	0.734	7.0
SE574520-182151	1985-01-08	2.25	6.479	8.699	0.511	0.595	3.649	0.188	17.708	0.735	7.0
SE574520-182151	1985-01-08	2.75	6.479	8.698	0.511	0.595	3.649	0.188	17.707	0.735	7.0
SE574520-182151	1985-01-08	3.25	6.479	8.698	0.511	0.595	3.649	0.188	17.707	0.735	7.0
SE574520-182151	1985-01-08	3.75	6.479	8.697	0.511	0.595	3.649	0.188	17.707	0.735	7.0
SE574520-182151	1985-01-08	4.50	6.479	8.696	0.511	0.595	3.649	0.188	17.707	0.735	7.0
SE574520-182151	1985-01-08	5.50	6.479	8.695	0.511	0.595	3.649	0.188	17.707	0.735	7.0
SE574520-182151	1985-01-08	6.50	6.479	8.694	0.511	0.595	3.649	0.188	17.706	0.736	7.0
SE574520-182151	1985-01-08	7.50	6.480	8.694	0.511	0.595	3.649	0.188	17.706	0.736	7.0
SE574520-182151	1985-01-08	8.50	6.480	8.693	0.511	0.595	3.649	0.188	17.706	0.736	7.0
SE574520-182151	1985-01-08	9.50	6.480	8.692	0.511	0.595	3.649	0.188	17.706	0.736	7.0
SE574520-182151	1985-01-08	106.75	7.325	5.751	1.276	1.356	4.529	0.296	17.364	0.744	7.0
SE574520-182151	1985-01-08	109.00	7.325	5.751	1.276	1.356	4.529	0.296	17.364	0.744	7.0
