EUCD	YYYY-MM-DD	Djup(m)	Salt (psu o/oo)	O2 (ml/l)	PO4 (µmol/l)	TotP (µmol/l)	NO3 (µmol/l)	NH4 (µmol/l)	TotN (µmol/l)	Chla (ug/l)	Siktdjup (m)
SE575675-185101	1985-01-01	0.00	6.000	8.004	0.500	0.618	3.005	0.104	18.401	0.289	6.8
SE575675-185101	1985-01-01	0.25	6.000	8.004	0.500	0.618	3.005	0.104	18.401	0.289	6.8
SE575675-185101	1985-01-01	0.75	6.000	8.004	0.500	0.620	3.005	0.103	18.427	0.294	6.8
SE575675-185101	1985-01-01	1.25	6.000	8.003	0.500	0.620	3.005	0.103	18.427	0.294	6.8
SE575675-185101	1985-01-01	1.75	6.000	8.003	0.500	0.620	3.004	0.103	18.427	0.294	6.8
SE575675-185101	1985-01-01	2.25	6.000	8.003	0.500	0.620	3.004	0.103	18.427	0.294	6.8
SE575675-185101	1985-01-01	2.75	6.000	8.002	0.500	0.620	3.004	0.102	18.427	0.294	6.8
SE575675-185101	1985-01-01	3.25	6.000	8.002	0.500	0.620	3.004	0.102	18.428	0.294	6.8
SE575675-185101	1985-01-01	3.75	6.000	8.002	0.500	0.620	3.004	0.102	18.428	0.294	6.8
SE575675-185101	1985-01-01	4.50	6.000	8.002	0.500	0.620	3.003	0.102	18.428	0.295	6.8
SE575675-185101	1985-01-01	5.50	6.000	8.001	0.500	0.620	3.003	0.102	18.429	0.295	6.8
SE575675-185101	1985-01-01	6.50	6.000	8.001	0.500	0.621	3.002	0.101	18.430	0.295	6.8
SE575675-185101	1985-01-01	7.50	6.000	8.000	0.500	0.621	3.002	0.100	18.432	0.296	6.8
SE575675-185101	1985-01-01	8.50	6.000	8.000	0.500	0.621	3.001	0.100	18.433	0.296	6.8
SE575675-185101	1985-01-01	9.50	6.000	8.000	0.500	0.621	3.001	0.100	18.434	0.296	6.8
SE575675-185101	1985-01-01	110.25	6.000	7.992	0.502	0.623	3.024	0.100	18.454	0.297	6.8
SE575675-185101	1985-01-01	112.00	6.000	7.992	0.502	0.623	3.024	0.100	18.454	0.297	6.8
SE575675-185101	1985-01-02	0.00	6.000	8.042	0.500	0.618	3.005	0.103	18.399	0.284	6.8
SE575675-185101	1985-01-02	0.25	6.000	8.042	0.500	0.618	3.005	0.103	18.399	0.284	6.8
SE575675-185101	1985-01-02	0.75	6.000	8.039	0.500	0.620	3.005	0.103	18.427	0.289	6.8
SE575675-185101	1985-01-02	1.25	6.000	8.037	0.500	0.620	3.005	0.103	18.427	0.289	6.8
SE575675-185101	1985-01-02	1.75	6.000	8.036	0.500	0.620	3.004	0.103	18.427	0.289	6.8
SE575675-185101	1985-01-02	2.25	6.000	8.035	0.500	0.620	3.004	0.103	18.426	0.289	6.8
SE575675-185101	1985-01-02	2.75	6.000	8.034	0.500	0.620	3.004	0.102	18.426	0.289	6.8
SE575675-185101	1985-01-02	3.25	6.000	8.033	0.500	0.620	3.004	0.102	18.426	0.289	6.8
SE575675-185101	1985-01-02	3.75	6.000	8.033	0.500	0.620	3.004	0.102	18.427	0.289	6.8
SE575675-185101	1985-01-02	4.50	6.000	8.032	0.500	0.620	3.004	0.102	18.426	0.289	6.8
SE575675-185101	1985-01-02	5.50	6.000	8.031	0.500	0.620	3.004	0.102	18.426	0.289	6.8
SE575675-185101	1985-01-02	6.50	6.000	8.030	0.500	0.620	3.004	0.102	18.427	0.289	6.8
SE575675-185101	1985-01-02	7.50	6.000	8.029	0.500	0.620	3.004	0.102	18.427	0.289	6.8
SE575675-185101	1985-01-02	8.50	6.000	8.028	0.500	0.620	3.004	0.102	18.427	0.289	6.8
SE575675-185101	1985-01-02	9.50	6.000	8.028	0.500	0.620	3.004	0.102	18.427	0.289	6.8
SE575675-185101	1985-01-02	110.25	6.000	7.969	0.508	0.628	3.089	0.100	18.504	0.285	6.8
SE575675-185101	1985-01-02	112.00	6.000	7.969	0.508	0.628	3.089	0.100	18.504	0.285	6.8
SE575675-185101	1985-01-03	0.00	6.106	8.203	0.500	0.610	3.140	0.127	18.190	0.416	6.9
SE575675-185101	1985-01-03	0.25	6.106	8.203	0.500	0.610	3.140	0.127	18.190	0.416	6.9
SE575675-185101	1985-01-03	0.75	6.106	8.198	0.500	0.612	3.140	0.127	18.218	0.423	6.9
SE575675-185101	1985-01-03	1.25	6.107	8.195	0.500	0.612	3.141	0.127	18.217	0.424	6.9
SE575675-185101	1985-01-03	1.75	6.107	8.193	0.500	0.612	3.141	0.127	18.216	0.425	6.9
SE575675-185101	1985-01-03	2.25	6.107	8.191	0.500	0.612	3.141	0.127	18.215	0.425	6.9
SE575675-185101	1985-01-03	2.75	6.108	8.190	0.500	0.612	3.142	0.127	18.215	0.425	6.9
SE575675-185101	1985-01-03	3.25	6.108	8.189	0.500	0.612	3.142	0.127	18.214	0.426	6.9
SE575675-185101	1985-01-03	3.75	6.108	8.188	0.500	0.612	3.142	0.127	18.214	0.426	6.9
SE575675-185101	1985-01-03	4.50	6.108	8.186	0.500	0.612	3.142	0.127	18.213	0.426	6.9
SE575675-185101	1985-01-03	5.50	6.109	8.185	0.500	0.612	3.142	0.127	18.212	0.427	6.9
SE575675-185101	1985-01-03	6.50	6.109	8.183	0.500	0.612	3.143	0.127	18.212	0.427	6.9
SE575675-185101	1985-01-03	7.50	6.109	8.182	0.500	0.612	3.143	0.127	18.211	0.427	6.9
SE575675-185101	1985-01-03	8.50	6.109	8.181	0.500	0.612	3.143	0.127	18.211	0.428	6.9
SE575675-185101	1985-01-03	9.50	6.110	8.179	0.500	0.612	3.143	0.127	18.210	0.428	6.9
SE575675-185101	1985-01-03	110.25	6.402	7.374	0.720	0.827	3.459	0.169	17.998	0.502	6.9
SE575675-185101	1985-01-03	112.00	6.402	7.374	0.720	0.827	3.459	0.169	17.998	0.502	6.9
SE575675-185101	1985-01-04	0.00	6.195	8.343	0.504	0.607	3.250	0.144	18.040	0.505	6.9
SE575675-185101	1985-01-04	0.25	6.195	8.343	0.504	0.607	3.250	0.144	18.040	0.505	6.9
SE575675-185101	1985-01-04	0.75	6.195	8.337	0.504	0.609	3.250	0.144	18.071	0.514	6.9
SE575675-185101	1985-01-04	1.25	6.196	8.333	0.504	0.609	3.250	0.144	18.071	0.514	6.9
SE575675-185101	1985-01-04	1.75	6.196	8.331	0.504	0.609	3.250	0.144	18.070	0.514	6.9
SE575675-185101	1985-01-04	2.25	6.196	8.329	0.504	0.609	3.250	0.144	18.069	0.515	6.9
SE575675-185101	1985-01-04	2.75	6.196	8.328	0.504	0.609	3.251	0.144	18.069	0.515	6.9
SE575675-185101	1985-01-04	3.25	6.196	8.326	0.504	0.609	3.251	0.144	18.069	0.515	6.9
SE575675-185101	1985-01-04	3.75	6.197	8.325	0.504	0.609	3.251	0.144	18.069	0.515	6.9
SE575675-185101	1985-01-04	4.50	6.197	8.324	0.504	0.609	3.251	0.144	18.068	0.516	6.9
SE575675-185101	1985-01-04	5.50	6.197	8.322	0.504	0.609	3.251	0.144	18.068	0.516	6.9
SE575675-185101	1985-01-04	6.50	6.197	8.320	0.504	0.609	3.251	0.144	18.067	0.516	6.9
SE575675-185101	1985-01-04	7.50	6.197	8.319	0.504	0.609	3.251	0.145	18.067	0.516	6.9
SE575675-185101	1985-01-04	8.50	6.197	8.318	0.504	0.609	3.252	0.145	18.067	0.516	6.9
SE575675-185101	1985-01-04	9.50	6.198	8.317	0.504	0.609	3.252	0.145	18.067	0.517	6.9
SE575675-185101	1985-01-04	110.25	6.713	6.852	0.900	0.998	3.811	0.217	17.723	0.632	6.9
SE575675-185101	1985-01-04	112.00	6.713	6.852	0.900	0.998	3.811	0.217	17.723	0.632	6.9
SE575675-185101	1985-01-05	0.00	6.258	8.464	0.506	0.605	3.329	0.156	17.947	0.555	7.0
SE575675-185101	1985-01-05	0.25	6.258	8.464	0.506	0.605	3.329	0.156	17.947	0.555	7.0
SE575675-185101	1985-01-05	0.75	6.258	8.459	0.506	0.607	3.329	0.156	17.981	0.564	7.0
SE575675-185101	1985-01-05	1.25	6.259	8.457	0.506	0.607	3.329	0.156	17.980	0.565	7.0
SE575675-185101	1985-01-05	1.75	6.260	8.455	0.506	0.607	3.330	0.156	17.979	0.565	7.0
SE575675-185101	1985-01-05	2.25	6.260	8.453	0.506	0.607	3.330	0.156	17.978	0.566	7.0
SE575675-185101	1985-01-05	2.75	6.260	8.452	0.506	0.607	3.330	0.156	17.978	0.566	7.0
SE575675-185101	1985-01-05	3.25	6.260	8.451	0.506	0.607	3.330	0.156	17.977	0.566	7.0
SE575675-185101	1985-01-05	3.75	6.261	8.450	0.506	0.607	3.331	0.156	17.977	0.567	7.0
SE575675-185101	1985-01-05	4.50	6.261	8.449	0.506	0.607	3.331	0.156	17.976	0.567	7.0
SE575675-185101	1985-01-05	5.50	6.261	8.447	0.506	0.607	3.331	0.156	17.976	0.567	7.0
SE575675-185101	1985-01-05	6.50	6.261	8.446	0.506	0.607	3.331	0.156	17.975	0.568	7.0
SE575675-185101	1985-01-05	7.50	6.262	8.445	0.506	0.607	3.332	0.156	17.974	0.568	7.0
SE575675-185101	1985-01-05	8.50	6.262	8.444	0.506	0.607	3.332	0.156	17.974	0.568	7.0
SE575675-185101	1985-01-05	9.50	6.262	8.443	0.506	0.607	3.332	0.156	17.974	0.569	7.0
SE575675-185101	1985-01-05	110.25	6.949	6.441	1.041	1.132	4.092	0.250	17.571	0.707	7.0
SE575675-185101	1985-01-05	112.00	6.949	6.441	1.041	1.132	4.092	0.250	17.571	0.707	7.0
SE575675-185101	1985-01-06	0.00	6.270	8.543	0.506	0.603	3.352	0.159	17.944	0.552	7.0
SE575675-185101	1985-01-06	0.25	6.270	8.543	0.506	0.603	3.352	0.159	17.944	0.552	7.0
SE575675-185101	1985-01-06	0.75	6.270	8.541	0.506	0.605	3.352	0.158	17.976	0.561	7.0
SE575675-185101	1985-01-06	1.25	6.271	8.539	0.506	0.605	3.352	0.158	17.974	0.563	7.0
SE575675-185101	1985-01-06	1.75	6.272	8.538	0.506	0.605	3.353	0.158	17.972	0.564	7.0
SE575675-185101	1985-01-06	2.25	6.273	8.537	0.506	0.605	3.354	0.158	17.971	0.565	7.0
SE575675-185101	1985-01-06	2.75	6.273	8.536	0.506	0.605	3.354	0.159	17.969	0.565	7.0
SE575675-185101	1985-01-06	3.25	6.274	8.536	0.506	0.605	3.355	0.159	17.968	0.566	7.0
SE575675-185101	1985-01-06	3.75	6.275	8.535	0.506	0.605	3.355	0.159	17.967	0.567	7.0
SE575675-185101	1985-01-06	4.50	6.276	8.534	0.506	0.605	3.356	0.159	17.965	0.569	7.0
SE575675-185101	1985-01-06	5.50	6.277	8.532	0.506	0.605	3.357	0.159	17.963	0.571	7.0
SE575675-185101	1985-01-06	6.50	6.279	8.530	0.506	0.605	3.359	0.159	17.960	0.573	7.0
SE575675-185101	1985-01-06	7.50	6.282	8.527	0.506	0.605	3.361	0.159	17.956	0.576	7.0
SE575675-185101	1985-01-06	8.50	6.285	8.524	0.506	0.605	3.364	0.159	17.950	0.581	7.0
SE575675-185101	1985-01-06	9.50	6.291	8.519	0.506	0.604	3.369	0.160	17.941	0.588	7.0
SE575675-185101	1985-01-06	110.25	7.138	6.082	1.161	1.248	4.336	0.271	17.509	0.745	7.0
SE575675-185101	1985-01-06	112.00	7.138	6.082	1.161	1.248	4.336	0.271	17.509	0.745	7.0
SE575675-185101	1985-01-07	0.00	6.345	8.618	0.507	0.599	3.434	0.169	17.840	0.602	7.0
SE575675-185101	1985-01-07	0.25	6.345	8.618	0.507	0.599	3.434	0.169	17.840	0.602	7.0
SE575675-185101	1985-01-07	0.75	6.345	8.614	0.507	0.601	3.434	0.169	17.877	0.613	7.0
SE575675-185101	1985-01-07	1.25	6.346	8.612	0.507	0.601	3.434	0.169	17.877	0.613	7.0
SE575675-185101	1985-01-07	1.75	6.346	8.610	0.507	0.601	3.435	0.169	17.876	0.613	7.0
SE575675-185101	1985-01-07	2.25	6.346	8.609	0.507	0.601	3.435	0.169	17.876	0.614	7.0
SE575675-185101	1985-01-07	2.75	6.346	8.608	0.507	0.601	3.435	0.169	17.876	0.614	7.0
SE575675-185101	1985-01-07	3.25	6.346	8.607	0.507	0.601	3.435	0.169	17.875	0.614	7.0
SE575675-185101	1985-01-07	3.75	6.347	8.606	0.507	0.601	3.435	0.169	17.875	0.614	7.0
SE575675-185101	1985-01-07	4.50	6.347	8.605	0.507	0.601	3.435	0.169	17.875	0.614	7.0
SE575675-185101	1985-01-07	5.50	6.347	8.604	0.507	0.601	3.435	0.169	17.875	0.614	7.0
SE575675-185101	1985-01-07	6.50	6.347	8.603	0.507	0.601	3.436	0.169	17.874	0.615	7.0
SE575675-185101	1985-01-07	7.50	6.347	8.602	0.507	0.601	3.436	0.169	17.874	0.615	7.0
SE575675-185101	1985-01-07	8.50	6.347	8.601	0.507	0.601	3.436	0.169	17.874	0.615	7.0
SE575675-185101	1985-01-07	9.50	6.348	8.600	0.507	0.601	3.436	0.169	17.873	0.615	7.0
SE575675-185101	1985-01-07	110.25	7.294	5.794	1.260	1.343	4.537	0.286	17.491	0.766	7.0
SE575675-185101	1985-01-07	112.00	7.294	5.794	1.260	1.343	4.537	0.286	17.491	0.766	7.0
SE575675-185101	1985-01-08	0.00	6.382	8.672	0.508	0.597	3.478	0.173	17.804	0.615	7.0
SE575675-185101	1985-01-08	0.25	6.382	8.672	0.508	0.597	3.478	0.173	17.804	0.615	7.0
SE575675-185101	1985-01-08	0.75	6.382	8.669	0.508	0.599	3.478	0.173	17.843	0.625	7.0
SE575675-185101	1985-01-08	1.25	6.383	8.667	0.508	0.599	3.478	0.173	17.842	0.626	7.0
SE575675-185101	1985-01-08	1.75	6.383	8.666	0.508	0.599	3.478	0.173	17.842	0.626	7.0
SE575675-185101	1985-01-08	2.25	6.383	8.665	0.508	0.599	3.479	0.173	17.841	0.626	7.0
SE575675-185101	1985-01-08	2.75	6.383	8.664	0.508	0.599	3.479	0.173	17.841	0.627	7.0
SE575675-185101	1985-01-08	3.25	6.384	8.663	0.508	0.599	3.479	0.173	17.841	0.627	7.0
SE575675-185101	1985-01-08	3.75	6.384	8.663	0.508	0.599	3.479	0.173	17.841	0.627	7.0
SE575675-185101	1985-01-08	4.50	6.384	8.662	0.508	0.599	3.479	0.173	17.840	0.627	7.0
SE575675-185101	1985-01-08	5.50	6.384	8.661	0.508	0.599	3.479	0.173	17.840	0.628	7.0
SE575675-185101	1985-01-08	6.50	6.385	8.660	0.508	0.599	3.479	0.173	17.839	0.628	7.0
SE575675-185101	1985-01-08	7.50	6.385	8.659	0.508	0.599	3.479	0.173	17.839	0.629	7.0
SE575675-185101	1985-01-08	8.50	6.385	8.658	0.508	0.599	3.480	0.173	17.839	0.629	7.0
SE575675-185101	1985-01-08	9.50	6.385	8.657	0.508	0.599	3.480	0.173	17.838	0.629	7.0
SE575675-185101	1985-01-08	110.25	7.425	5.552	1.342	1.424	4.706	0.296	17.509	0.773	7.0
SE575675-185101	1985-01-08	112.00	7.425	5.552	1.342	1.424	4.706	0.296	17.509	0.773	7.0
