EUCD	YYYY-MM-DD	Djup(m)	Salt (psu o/oo)	O2 (ml/l)	PO4 (µmol/l)	TotP (µmol/l)	NO3 (µmol/l)	NH4 (µmol/l)	TotN (µmol/l)	Chla (ug/l)	Siktdjup (m)
SE573885-163740	1985-01-01	0.00	6.000	8.002	0.501	0.619	3.028	0.112	18.414	0.285	6.9
SE573885-163740	1985-01-01	0.25	6.000	8.002	0.501	0.619	3.028	0.112	18.414	0.285	6.9
SE573885-163740	1985-01-01	0.75	6.000	8.001	0.501	0.620	3.025	0.111	18.433	0.290	6.9
SE573885-163740	1985-01-01	1.25	6.000	8.001	0.501	0.620	3.022	0.109	18.431	0.290	6.9
SE573885-163740	1985-01-01	1.75	6.000	8.000	0.501	0.620	3.021	0.108	18.431	0.291	6.9
SE573885-163740	1985-01-01	2.25	6.000	7.999	0.501	0.620	3.018	0.106	18.432	0.292	6.9
SE573885-163740	1985-01-01	2.75	6.000	7.998	0.501	0.621	3.014	0.103	18.433	0.294	6.9
SE573885-163740	1985-01-01	3.25	6.000	7.997	0.501	0.621	3.009	0.100	18.438	0.296	6.9
SE573885-163740	1985-01-01	3.75	6.000	7.997	0.501	0.622	3.009	0.100	18.441	0.296	6.9
SE573885-163740	1985-01-01	4.50	6.000	7.998	0.501	0.621	3.007	0.100	18.440	0.296	6.9
SE573885-163740	1985-01-01	5.50	6.000	7.997	0.501	0.621	3.008	0.100	18.440	0.296	6.9
SE573885-163740	1985-01-01	6.50	6.000	7.997	0.501	0.622	3.008	0.100	18.441	0.296	6.9
SE573885-163740	1985-01-01	7.50	6.000	7.997	0.501	0.622	3.009	0.100	18.442	0.296	6.9
SE573885-163740	1985-01-01	8.50	6.000	7.995	0.501	0.622	3.014	0.100	18.447	0.296	6.9
SE573885-163740	1985-01-01	9.50	6.000	7.991	0.502	0.623	3.027	0.100	18.460	0.296	6.9
SE573885-163740	1985-01-01	23.50	6.000	7.979	0.506	0.625	3.062	0.100	18.481	0.296	6.9
SE573885-163740	1985-01-01	24.00	6.000	7.979	0.506	0.625	3.062	0.100	18.481	0.296	6.9
SE573885-163740	1985-01-02	0.00	6.000	8.026	0.504	0.621	3.063	0.114	18.448	0.287	6.9
SE573885-163740	1985-01-02	0.25	6.000	8.026	0.504	0.621	3.063	0.114	18.448	0.287	6.9
SE573885-163740	1985-01-02	0.75	6.000	8.024	0.504	0.623	3.062	0.113	18.468	0.291	6.9
SE573885-163740	1985-01-02	1.25	6.000	8.024	0.504	0.622	3.060	0.113	18.467	0.291	6.9
SE573885-163740	1985-01-02	1.75	6.000	8.023	0.504	0.622	3.060	0.113	18.467	0.291	6.9
SE573885-163740	1985-01-02	2.25	6.000	8.022	0.504	0.622	3.060	0.113	18.466	0.291	6.9
SE573885-163740	1985-01-02	2.75	6.000	8.021	0.504	0.622	3.060	0.113	18.466	0.292	6.9
SE573885-163740	1985-01-02	3.25	6.000	8.021	0.504	0.622	3.060	0.113	18.466	0.292	6.9
SE573885-163740	1985-01-02	3.75	6.000	8.020	0.504	0.622	3.060	0.112	18.467	0.292	6.9
SE573885-163740	1985-01-02	4.50	6.000	8.020	0.504	0.622	3.059	0.112	18.466	0.292	6.9
SE573885-163740	1985-01-02	5.50	6.000	8.019	0.504	0.622	3.060	0.112	18.466	0.292	6.9
SE573885-163740	1985-01-02	6.50	6.000	8.018	0.504	0.622	3.059	0.112	18.466	0.292	6.9
SE573885-163740	1985-01-02	7.50	6.000	8.018	0.504	0.623	3.059	0.112	18.466	0.292	6.9
SE573885-163740	1985-01-02	8.50	6.000	8.017	0.504	0.623	3.060	0.112	18.467	0.292	6.9
SE573885-163740	1985-01-02	9.50	6.000	8.016	0.504	0.623	3.064	0.112	18.471	0.292	6.9
SE573885-163740	1985-01-02	23.50	6.000	7.945	0.514	0.634	3.158	0.100	18.571	0.285	6.9
SE573885-163740	1985-01-02	24.00	6.000	7.945	0.514	0.634	3.158	0.100	18.571	0.285	6.9
SE573885-163740	1985-01-03	0.00	5.999	8.305	0.508	0.624	3.123	0.126	18.506	0.280	6.9
SE573885-163740	1985-01-03	0.25	5.999	8.305	0.508	0.624	3.123	0.126	18.506	0.280	6.9
SE573885-163740	1985-01-03	0.75	5.999	8.300	0.508	0.625	3.122	0.125	18.522	0.285	6.9
SE573885-163740	1985-01-03	1.25	5.999	8.297	0.508	0.625	3.120	0.125	18.520	0.285	6.9
SE573885-163740	1985-01-03	1.75	5.999	8.295	0.508	0.625	3.120	0.125	18.520	0.285	6.9
SE573885-163740	1985-01-03	2.25	5.999	8.293	0.508	0.625	3.120	0.125	18.520	0.285	6.9
SE573885-163740	1985-01-03	2.75	5.999	8.292	0.508	0.625	3.120	0.125	18.520	0.285	6.9
SE573885-163740	1985-01-03	3.25	5.999	8.291	0.508	0.625	3.120	0.125	18.520	0.285	6.9
SE573885-163740	1985-01-03	3.75	5.999	8.290	0.508	0.625	3.120	0.125	18.520	0.285	6.9
SE573885-163740	1985-01-03	4.50	5.999	8.288	0.508	0.625	3.119	0.125	18.519	0.285	6.9
SE573885-163740	1985-01-03	5.50	5.999	8.287	0.508	0.625	3.120	0.125	18.519	0.285	6.9
SE573885-163740	1985-01-03	6.50	5.999	8.286	0.508	0.625	3.119	0.125	18.519	0.285	6.9
SE573885-163740	1985-01-03	7.50	5.999	8.285	0.508	0.625	3.119	0.125	18.519	0.285	6.9
SE573885-163740	1985-01-03	8.50	5.999	8.284	0.508	0.625	3.119	0.125	18.519	0.285	6.9
SE573885-163740	1985-01-03	9.50	5.999	8.282	0.508	0.625	3.123	0.125	18.523	0.285	6.9
SE573885-163740	1985-01-03	23.50	5.999	8.265	0.509	0.626	3.131	0.124	18.528	0.285	6.9
SE573885-163740	1985-01-03	24.00	5.999	8.265	0.509	0.626	3.131	0.124	18.528	0.285	6.9
SE573885-163740	1985-01-04	0.00	5.997	8.856	0.511	0.626	3.180	0.138	18.566	0.272	7.0
SE573885-163740	1985-01-04	0.25	5.997	8.856	0.511	0.626	3.180	0.138	18.566	0.272	7.0
SE573885-163740	1985-01-04	0.75	5.997	8.851	0.511	0.627	3.179	0.138	18.579	0.277	7.0
SE573885-163740	1985-01-04	1.25	5.997	8.848	0.511	0.627	3.177	0.138	18.578	0.277	7.0
SE573885-163740	1985-01-04	1.75	5.997	8.846	0.511	0.627	3.177	0.138	18.578	0.277	7.0
SE573885-163740	1985-01-04	2.25	5.997	8.845	0.511	0.627	3.177	0.138	18.578	0.277	7.0
SE573885-163740	1985-01-04	2.75	5.997	8.843	0.511	0.627	3.177	0.138	18.578	0.277	7.0
SE573885-163740	1985-01-04	3.25	5.997	8.842	0.511	0.627	3.177	0.138	18.577	0.277	7.0
SE573885-163740	1985-01-04	3.75	5.997	8.841	0.511	0.627	3.177	0.138	18.578	0.277	7.0
SE573885-163740	1985-01-04	4.50	5.997	8.840	0.511	0.627	3.177	0.138	18.577	0.277	7.0
SE573885-163740	1985-01-04	5.50	5.997	8.839	0.511	0.627	3.177	0.137	18.577	0.277	7.0
SE573885-163740	1985-01-04	6.50	5.997	8.838	0.511	0.627	3.177	0.137	18.577	0.277	7.0
SE573885-163740	1985-01-04	7.50	5.997	8.837	0.511	0.627	3.177	0.137	18.577	0.277	7.0
SE573885-163740	1985-01-04	8.50	5.997	8.837	0.511	0.627	3.177	0.137	18.577	0.277	7.0
SE573885-163740	1985-01-04	9.50	5.997	8.835	0.512	0.627	3.180	0.137	18.580	0.277	7.0
SE573885-163740	1985-01-04	23.50	5.997	8.835	0.512	0.627	3.182	0.136	18.577	0.278	7.0
SE573885-163740	1985-01-04	24.00	5.997	8.835	0.512	0.627	3.182	0.136	18.577	0.278	7.0
SE573885-163740	1985-01-05	0.00	5.990	9.116	0.514	0.627	3.250	0.161	18.651	0.260	7.0
SE573885-163740	1985-01-05	0.25	5.990	9.116	0.514	0.627	3.250	0.161	18.651	0.260	7.0
SE573885-163740	1985-01-05	0.75	5.990	9.117	0.514	0.628	3.248	0.159	18.659	0.265	7.0
SE573885-163740	1985-01-05	1.25	5.991	9.117	0.514	0.628	3.244	0.157	18.654	0.265	7.0
SE573885-163740	1985-01-05	1.75	5.991	9.117	0.514	0.628	3.241	0.156	18.649	0.266	7.0
SE573885-163740	1985-01-05	2.25	5.992	9.117	0.514	0.628	3.238	0.154	18.645	0.267	7.0
SE573885-163740	1985-01-05	2.75	5.992	9.117	0.514	0.628	3.235	0.152	18.641	0.268	7.0
SE573885-163740	1985-01-05	3.25	5.993	9.118	0.514	0.628	3.231	0.150	18.637	0.269	7.0
SE573885-163740	1985-01-05	3.75	5.993	9.118	0.514	0.629	3.228	0.148	18.633	0.270	7.0
SE573885-163740	1985-01-05	4.50	5.994	9.118	0.514	0.629	3.225	0.147	18.630	0.271	7.0
SE573885-163740	1985-01-05	5.50	5.994	9.118	0.514	0.629	3.225	0.146	18.630	0.271	7.0
SE573885-163740	1985-01-05	6.50	5.994	9.117	0.514	0.629	3.225	0.146	18.631	0.271	7.0
SE573885-163740	1985-01-05	7.50	5.994	9.117	0.514	0.629	3.226	0.146	18.632	0.271	7.0
SE573885-163740	1985-01-05	8.50	5.994	9.116	0.514	0.629	3.228	0.146	18.634	0.271	7.0
SE573885-163740	1985-01-05	9.50	5.994	9.114	0.515	0.630	3.235	0.146	18.641	0.271	7.0
SE573885-163740	1985-01-05	23.50	6.001	9.203	0.517	0.632	3.243	0.134	18.595	0.279	7.0
SE573885-163740	1985-01-05	24.00	6.001	9.203	0.517	0.632	3.243	0.134	18.595	0.279	7.0
SE573885-163740	1985-01-06	0.00	5.970	9.106	0.516	0.627	3.360	0.203	18.814	0.250	7.0
SE573885-163740	1985-01-06	0.25	5.970	9.106	0.516	0.627	3.360	0.203	18.814	0.250	7.0
SE573885-163740	1985-01-06	0.75	5.970	9.106	0.516	0.628	3.358	0.201	18.818	0.254	7.0
SE573885-163740	1985-01-06	1.25	5.971	9.107	0.516	0.628	3.352	0.199	18.809	0.255	7.0
SE573885-163740	1985-01-06	1.75	5.973	9.107	0.516	0.628	3.345	0.195	18.797	0.256	7.0
SE573885-163740	1985-01-06	2.25	5.976	9.107	0.516	0.628	3.330	0.188	18.773	0.259	7.0
SE573885-163740	1985-01-06	2.75	5.987	9.109	0.516	0.629	3.281	0.162	18.688	0.267	7.0
SE573885-163740	1985-01-06	3.25	5.991	9.109	0.516	0.629	3.259	0.151	18.655	0.271	7.0
SE573885-163740	1985-01-06	3.75	5.993	9.110	0.516	0.630	3.250	0.146	18.645	0.272	7.0
SE573885-163740	1985-01-06	4.50	5.994	9.111	0.515	0.630	3.242	0.144	18.641	0.272	7.0
SE573885-163740	1985-01-06	5.50	5.994	9.109	0.516	0.631	3.247	0.144	18.650	0.270	7.0
SE573885-163740	1985-01-06	6.50	5.994	9.107	0.517	0.632	3.255	0.144	18.660	0.268	7.0
SE573885-163740	1985-01-06	7.50	5.994	9.104	0.517	0.632	3.264	0.144	18.670	0.267	7.0
SE573885-163740	1985-01-06	8.50	5.994	9.100	0.518	0.633	3.275	0.144	18.681	0.266	7.0
SE573885-163740	1985-01-06	9.50	5.994	9.094	0.520	0.635	3.291	0.144	18.698	0.265	7.0
SE573885-163740	1985-01-06	23.50	6.001	9.133	0.536	0.650	3.456	0.135	18.798	0.265	7.0
SE573885-163740	1985-01-06	24.00	6.001	9.133	0.536	0.650	3.456	0.135	18.798	0.265	7.0
SE573885-163740	1985-01-07	0.00	5.940	9.095	0.518	0.628	3.496	0.251	19.022	0.230	7.0
SE573885-163740	1985-01-07	0.25	5.940	9.095	0.518	0.628	3.496	0.251	19.022	0.230	7.0
SE573885-163740	1985-01-07	0.75	5.940	9.096	0.518	0.628	3.493	0.249	19.023	0.234	7.0
SE573885-163740	1985-01-07	1.25	5.941	9.096	0.518	0.628	3.487	0.246	19.012	0.235	7.0
SE573885-163740	1985-01-07	1.75	5.944	9.096	0.518	0.628	3.475	0.241	18.993	0.236	7.0
SE573885-163740	1985-01-07	2.25	5.971	9.099	0.517	0.629	3.376	0.195	18.822	0.249	7.0
SE573885-163740	1985-01-07	2.75	5.984	9.100	0.517	0.630	3.323	0.169	18.731	0.257	7.0
SE573885-163740	1985-01-07	3.25	5.990	9.101	0.517	0.630	3.294	0.154	18.683	0.262	7.0
SE573885-163740	1985-01-07	3.75	5.992	9.101	0.517	0.630	3.280	0.147	18.663	0.264	7.0
SE573885-163740	1985-01-07	4.50	5.993	9.102	0.517	0.631	3.269	0.143	18.653	0.265	7.0
SE573885-163740	1985-01-07	5.50	5.994	9.098	0.519	0.633	3.280	0.142	18.668	0.262	7.0
SE573885-163740	1985-01-07	6.50	5.994	9.094	0.520	0.634	3.291	0.142	18.685	0.260	7.0
SE573885-163740	1985-01-07	7.50	5.994	9.091	0.521	0.635	3.301	0.142	18.698	0.259	7.0
SE573885-163740	1985-01-07	8.50	5.994	9.086	0.522	0.637	3.314	0.142	18.713	0.258	7.0
SE573885-163740	1985-01-07	9.50	5.994	9.076	0.525	0.640	3.347	0.143	18.748	0.257	7.0
SE573885-163740	1985-01-07	23.50	6.001	9.074	0.552	0.665	3.637	0.135	18.967	0.252	7.0
SE573885-163740	1985-01-07	24.00	6.001	9.074	0.552	0.665	3.637	0.135	18.967	0.252	7.0
SE573885-163740	1985-01-08	0.00	5.901	9.091	0.519	0.627	3.643	0.299	19.254	0.218	7.0
SE573885-163740	1985-01-08	0.25	5.901	9.091	0.519	0.627	3.643	0.299	19.254	0.218	7.0
SE573885-163740	1985-01-08	0.75	5.901	9.092	0.519	0.628	3.641	0.297	19.255	0.221	7.0
SE573885-163740	1985-01-08	1.25	5.904	9.092	0.519	0.628	3.629	0.292	19.236	0.223	7.0
SE573885-163740	1985-01-08	1.75	5.925	9.093	0.519	0.629	3.552	0.258	19.103	0.232	7.0
SE573885-163740	1985-01-08	2.25	5.964	9.093	0.519	0.630	3.432	0.205	18.894	0.244	7.0
SE573885-163740	1985-01-08	2.75	5.981	9.093	0.519	0.631	3.363	0.173	18.776	0.253	7.0
SE573885-163740	1985-01-08	3.25	5.988	9.093	0.519	0.631	3.326	0.156	18.715	0.258	7.0
SE573885-163740	1985-01-08	3.75	5.991	9.093	0.519	0.632	3.309	0.147	18.687	0.261	7.0
SE573885-163740	1985-01-08	4.50	5.993	9.093	0.520	0.632	3.297	0.142	18.671	0.262	7.0
SE573885-163740	1985-01-08	5.50	5.994	9.088	0.521	0.634	3.307	0.140	18.684	0.259	7.0
SE573885-163740	1985-01-08	6.50	5.994	9.084	0.522	0.636	3.320	0.140	18.701	0.256	7.0
SE573885-163740	1985-01-08	7.50	5.994	9.080	0.523	0.637	3.332	0.140	18.718	0.254	7.0
SE573885-163740	1985-01-08	8.50	5.994	9.073	0.526	0.640	3.357	0.141	18.745	0.252	7.0
SE573885-163740	1985-01-08	9.50	5.994	9.055	0.531	0.646	3.421	0.141	18.812	0.250	7.0
SE573885-163740	1985-01-08	23.50	6.024	9.252	0.518	0.628	3.315	0.163	18.582	0.283	7.0
SE573885-163740	1985-01-08	24.00	6.024	9.252	0.518	0.628	3.315	0.163	18.582	0.283	7.0
