EUCD	YYYY-MM-DD	Djup(m)	Salt (psu o/oo)	O2 (ml/l)	PO4 (µmol/l)	TotP (µmol/l)	NO3 (µmol/l)	NH4 (µmol/l)	TotN (µmol/l)	Chla (ug/l)	Siktdjup (m)
SE575430-163640	1985-01-01	0.00	6.000	8.004	0.501	0.618	3.017	0.110	18.404	0.286	6.9
SE575430-163640	1985-01-01	0.25	6.000	8.004	0.501	0.618	3.017	0.110	18.404	0.286	6.9
SE575430-163640	1985-01-01	0.75	6.000	8.003	0.501	0.619	3.015	0.109	18.426	0.291	6.9
SE575430-163640	1985-01-01	1.25	6.000	8.003	0.501	0.619	3.013	0.108	18.425	0.291	6.9
SE575430-163640	1985-01-01	1.75	6.000	8.002	0.501	0.620	3.012	0.107	18.425	0.292	6.9
SE575430-163640	1985-01-01	2.25	6.000	8.001	0.500	0.620	3.011	0.105	18.426	0.292	6.9
SE575430-163640	1985-01-01	2.75	6.000	8.000	0.500	0.620	3.009	0.103	18.429	0.294	6.9
SE575430-163640	1985-01-01	3.25	6.000	7.998	0.500	0.621	3.006	0.100	18.434	0.296	6.9
SE575430-163640	1985-01-01	3.75	6.000	7.998	0.500	0.621	3.005	0.100	18.437	0.296	6.9
SE575430-163640	1985-01-01	4.50	6.000	7.999	0.500	0.621	3.004	0.100	18.436	0.296	6.9
SE575430-163640	1985-01-01	5.50	6.000	7.999	0.500	0.621	3.004	0.100	18.437	0.296	6.9
SE575430-163640	1985-01-01	6.50	6.000	7.999	0.500	0.621	3.004	0.100	18.437	0.296	6.9
SE575430-163640	1985-01-01	7.50	6.000	7.999	0.500	0.621	3.004	0.100	18.437	0.296	6.9
SE575430-163640	1985-01-01	8.50	6.000	7.998	0.501	0.621	3.006	0.100	18.439	0.296	6.9
SE575430-163640	1985-01-01	9.50	6.000	7.996	0.501	0.622	3.011	0.100	18.443	0.296	6.9
SE575430-163640	1985-01-01	40.50	6.000	7.979	0.505	0.625	3.059	0.100	18.477	0.296	6.9
SE575430-163640	1985-01-01	41.00	6.000	7.979	0.505	0.625	3.059	0.100	18.477	0.296	6.9
SE575430-163640	1985-01-02	0.00	6.000	8.036	0.502	0.619	3.029	0.108	18.419	0.286	6.9
SE575430-163640	1985-01-02	0.25	6.000	8.036	0.502	0.619	3.029	0.108	18.419	0.286	6.9
SE575430-163640	1985-01-02	0.75	6.000	8.033	0.502	0.621	3.028	0.107	18.443	0.291	6.9
SE575430-163640	1985-01-02	1.25	6.000	8.032	0.502	0.621	3.027	0.107	18.443	0.291	6.9
SE575430-163640	1985-01-02	1.75	6.000	8.030	0.502	0.621	3.027	0.107	18.443	0.291	6.9
SE575430-163640	1985-01-02	2.25	6.000	8.029	0.502	0.621	3.027	0.107	18.442	0.291	6.9
SE575430-163640	1985-01-02	2.75	6.000	8.028	0.502	0.621	3.027	0.107	18.443	0.291	6.9
SE575430-163640	1985-01-02	3.25	6.000	8.028	0.502	0.621	3.028	0.107	18.443	0.291	6.9
SE575430-163640	1985-01-02	3.75	6.000	8.027	0.502	0.621	3.027	0.107	18.443	0.291	6.9
SE575430-163640	1985-01-02	4.50	6.000	8.026	0.502	0.621	3.027	0.107	18.442	0.291	6.9
SE575430-163640	1985-01-02	5.50	6.000	8.025	0.502	0.621	3.027	0.106	18.442	0.291	6.9
SE575430-163640	1985-01-02	6.50	6.000	8.024	0.502	0.621	3.027	0.106	18.442	0.291	6.9
SE575430-163640	1985-01-02	7.50	6.000	8.023	0.502	0.621	3.027	0.106	18.442	0.291	6.9
SE575430-163640	1985-01-02	8.50	6.000	8.023	0.502	0.621	3.027	0.106	18.442	0.291	6.9
SE575430-163640	1985-01-02	9.50	6.000	8.021	0.502	0.621	3.028	0.106	18.444	0.291	6.9
SE575430-163640	1985-01-02	40.50	6.000	7.943	0.515	0.634	3.165	0.100	18.575	0.285	6.9
SE575430-163640	1985-01-02	41.00	6.000	7.943	0.515	0.634	3.165	0.100	18.575	0.285	6.9
SE575430-163640	1985-01-03	0.00	5.999	8.221	0.504	0.621	3.069	0.112	18.460	0.276	6.9
SE575430-163640	1985-01-03	0.25	5.999	8.221	0.504	0.621	3.069	0.112	18.460	0.276	6.9
SE575430-163640	1985-01-03	0.75	5.999	8.215	0.504	0.622	3.069	0.112	18.483	0.281	6.9
SE575430-163640	1985-01-03	1.25	5.999	8.212	0.504	0.622	3.068	0.112	18.483	0.281	6.9
SE575430-163640	1985-01-03	1.75	5.999	8.210	0.504	0.622	3.068	0.112	18.482	0.281	6.9
SE575430-163640	1985-01-03	2.25	5.999	8.208	0.504	0.622	3.068	0.111	18.482	0.281	6.9
SE575430-163640	1985-01-03	2.75	5.999	8.207	0.504	0.622	3.068	0.111	18.482	0.281	6.9
SE575430-163640	1985-01-03	3.25	5.999	8.205	0.504	0.622	3.068	0.111	18.482	0.281	6.9
SE575430-163640	1985-01-03	3.75	5.999	8.204	0.504	0.622	3.068	0.111	18.482	0.281	6.9
SE575430-163640	1985-01-03	4.50	5.999	8.203	0.504	0.622	3.067	0.111	18.481	0.281	6.9
SE575430-163640	1985-01-03	5.50	5.999	8.201	0.504	0.622	3.067	0.111	18.481	0.281	6.9
SE575430-163640	1985-01-03	6.50	5.999	8.200	0.504	0.622	3.067	0.111	18.481	0.281	6.9
SE575430-163640	1985-01-03	7.50	5.999	8.199	0.504	0.622	3.067	0.111	18.481	0.281	6.9
SE575430-163640	1985-01-03	8.50	5.999	8.198	0.504	0.622	3.067	0.111	18.481	0.281	6.9
SE575430-163640	1985-01-03	9.50	5.999	8.196	0.504	0.623	3.068	0.111	18.483	0.281	6.9
SE575430-163640	1985-01-03	40.50	6.000	7.905	0.525	0.644	3.275	0.100	18.678	0.271	6.9
SE575430-163640	1985-01-03	41.00	6.000	7.905	0.525	0.644	3.275	0.100	18.678	0.271	6.9
SE575430-163640	1985-01-04	0.00	5.998	8.573	0.506	0.622	3.106	0.117	18.495	0.268	6.9
SE575430-163640	1985-01-04	0.25	5.998	8.573	0.506	0.622	3.106	0.117	18.495	0.268	6.9
SE575430-163640	1985-01-04	0.75	5.998	8.568	0.506	0.624	3.106	0.117	18.517	0.272	6.9
SE575430-163640	1985-01-04	1.25	5.998	8.565	0.506	0.624	3.105	0.117	18.516	0.272	6.9
SE575430-163640	1985-01-04	1.75	5.998	8.563	0.506	0.624	3.105	0.117	18.516	0.272	6.9
SE575430-163640	1985-01-04	2.25	5.998	8.561	0.506	0.624	3.105	0.117	18.516	0.272	6.9
SE575430-163640	1985-01-04	2.75	5.998	8.560	0.506	0.624	3.105	0.117	18.516	0.272	6.9
SE575430-163640	1985-01-04	3.25	5.998	8.559	0.506	0.624	3.105	0.117	18.516	0.272	6.9
SE575430-163640	1985-01-04	3.75	5.998	8.558	0.506	0.624	3.105	0.117	18.516	0.272	6.9
SE575430-163640	1985-01-04	4.50	5.998	8.557	0.506	0.623	3.104	0.117	18.515	0.272	6.9
SE575430-163640	1985-01-04	5.50	5.998	8.555	0.506	0.624	3.105	0.117	18.515	0.272	6.9
SE575430-163640	1985-01-04	6.50	5.998	8.554	0.506	0.624	3.104	0.117	18.515	0.272	6.9
SE575430-163640	1985-01-04	7.50	5.998	8.553	0.506	0.623	3.104	0.117	18.515	0.272	6.9
SE575430-163640	1985-01-04	8.50	5.998	8.552	0.506	0.624	3.104	0.117	18.515	0.272	6.9
SE575430-163640	1985-01-04	9.50	5.998	8.551	0.506	0.624	3.106	0.117	18.517	0.272	6.9
SE575430-163640	1985-01-04	40.50	5.998	8.533	0.507	0.624	3.116	0.117	18.522	0.273	6.9
SE575430-163640	1985-01-04	41.00	5.998	8.533	0.507	0.624	3.116	0.117	18.522	0.273	6.9
SE575430-163640	1985-01-05	0.00	5.997	8.868	0.508	0.623	3.142	0.124	18.530	0.260	6.9
SE575430-163640	1985-01-05	0.25	5.997	8.868	0.508	0.623	3.142	0.124	18.530	0.260	6.9
SE575430-163640	1985-01-05	0.75	5.997	8.864	0.508	0.624	3.141	0.124	18.550	0.264	6.9
SE575430-163640	1985-01-05	1.25	5.997	8.861	0.508	0.624	3.141	0.123	18.550	0.264	6.9
SE575430-163640	1985-01-05	1.75	5.997	8.859	0.508	0.624	3.140	0.123	18.549	0.264	6.9
SE575430-163640	1985-01-05	2.25	5.997	8.858	0.508	0.624	3.140	0.123	18.549	0.264	6.9
SE575430-163640	1985-01-05	2.75	5.997	8.856	0.508	0.624	3.140	0.123	18.549	0.264	6.9
SE575430-163640	1985-01-05	3.25	5.997	8.855	0.508	0.624	3.141	0.123	18.549	0.264	6.9
SE575430-163640	1985-01-05	3.75	5.997	8.854	0.508	0.624	3.140	0.123	18.549	0.264	6.9
SE575430-163640	1985-01-05	4.50	5.997	8.853	0.508	0.624	3.140	0.123	18.549	0.264	6.9
SE575430-163640	1985-01-05	5.50	5.997	8.852	0.508	0.624	3.140	0.123	18.549	0.264	6.9
SE575430-163640	1985-01-05	6.50	5.997	8.851	0.508	0.624	3.140	0.123	18.549	0.264	6.9
SE575430-163640	1985-01-05	7.50	5.997	8.850	0.508	0.624	3.140	0.123	18.548	0.264	6.9
SE575430-163640	1985-01-05	8.50	5.997	8.849	0.508	0.624	3.140	0.123	18.548	0.264	6.9
SE575430-163640	1985-01-05	9.50	5.997	8.848	0.508	0.625	3.141	0.123	18.550	0.264	6.9
SE575430-163640	1985-01-05	40.50	5.998	8.827	0.509	0.625	3.150	0.122	18.555	0.265	6.9
SE575430-163640	1985-01-05	41.00	5.998	8.827	0.509	0.625	3.150	0.122	18.555	0.265	6.9
SE575430-163640	1985-01-06	0.00	5.996	8.979	0.509	0.624	3.182	0.135	18.575	0.254	6.9
SE575430-163640	1985-01-06	0.25	5.996	8.979	0.509	0.624	3.182	0.135	18.575	0.254	6.9
SE575430-163640	1985-01-06	0.75	5.996	8.980	0.509	0.625	3.181	0.133	18.592	0.259	6.9
SE575430-163640	1985-01-06	1.25	5.996	8.977	0.509	0.625	3.178	0.132	18.587	0.259	6.9
SE575430-163640	1985-01-06	1.75	5.996	8.976	0.509	0.625	3.177	0.132	18.586	0.259	6.9
SE575430-163640	1985-01-06	2.25	5.996	8.975	0.509	0.625	3.176	0.132	18.585	0.259	6.9
SE575430-163640	1985-01-06	2.75	5.996	8.974	0.509	0.625	3.176	0.131	18.585	0.259	6.9
SE575430-163640	1985-01-06	3.25	5.996	8.973	0.509	0.625	3.176	0.131	18.584	0.260	6.9
SE575430-163640	1985-01-06	3.75	5.996	8.973	0.509	0.625	3.175	0.131	18.584	0.260	6.9
SE575430-163640	1985-01-06	4.50	5.996	8.972	0.509	0.625	3.174	0.131	18.583	0.260	6.9
SE575430-163640	1985-01-06	5.50	5.996	8.971	0.509	0.625	3.174	0.130	18.583	0.260	6.9
SE575430-163640	1985-01-06	6.50	5.996	8.969	0.509	0.625	3.174	0.130	18.582	0.260	6.9
SE575430-163640	1985-01-06	7.50	5.996	8.968	0.509	0.625	3.173	0.130	18.582	0.260	6.9
SE575430-163640	1985-01-06	8.50	5.996	8.966	0.509	0.625	3.173	0.129	18.582	0.260	6.9
SE575430-163640	1985-01-06	9.50	5.996	8.964	0.509	0.625	3.174	0.129	18.583	0.260	6.9
SE575430-163640	1985-01-06	40.50	5.997	8.843	0.519	0.634	3.264	0.124	18.654	0.251	6.9
SE575430-163640	1985-01-06	41.00	5.997	8.843	0.519	0.634	3.264	0.124	18.654	0.251	6.9
SE575430-163640	1985-01-07	0.00	5.991	9.037	0.510	0.623	3.256	0.164	18.674	0.249	7.0
SE575430-163640	1985-01-07	0.25	5.991	9.037	0.510	0.623	3.256	0.164	18.674	0.249	7.0
SE575430-163640	1985-01-07	0.75	5.991	9.037	0.510	0.623	3.254	0.163	18.683	0.253	7.0
SE575430-163640	1985-01-07	1.25	5.991	9.036	0.510	0.623	3.251	0.161	18.678	0.254	7.0
SE575430-163640	1985-01-07	1.75	5.991	9.033	0.510	0.623	3.249	0.160	18.674	0.254	7.0
SE575430-163640	1985-01-07	2.25	5.991	9.031	0.510	0.623	3.246	0.159	18.670	0.255	7.0
SE575430-163640	1985-01-07	2.75	5.992	9.027	0.510	0.624	3.242	0.157	18.664	0.255	7.0
SE575430-163640	1985-01-07	3.25	5.992	9.021	0.510	0.624	3.236	0.153	18.654	0.257	7.0
SE575430-163640	1985-01-07	3.75	5.994	9.005	0.510	0.624	3.219	0.145	18.626	0.259	7.0
SE575430-163640	1985-01-07	4.50	5.995	8.982	0.510	0.624	3.193	0.134	18.591	0.260	7.0
SE575430-163640	1985-01-07	5.50	5.996	8.972	0.510	0.625	3.183	0.129	18.584	0.259	7.0
SE575430-163640	1985-01-07	6.50	5.996	8.968	0.510	0.625	3.182	0.128	18.586	0.258	7.0
SE575430-163640	1985-01-07	7.50	5.996	8.966	0.510	0.626	3.181	0.128	18.588	0.256	7.0
SE575430-163640	1985-01-07	8.50	5.996	8.963	0.510	0.626	3.184	0.128	18.593	0.254	7.0
SE575430-163640	1985-01-07	9.50	5.996	8.954	0.512	0.628	3.205	0.128	18.614	0.253	7.0
SE575430-163640	1985-01-07	40.50	5.997	8.792	0.532	0.647	3.416	0.124	18.794	0.238	7.0
SE575430-163640	1985-01-07	41.00	5.997	8.792	0.532	0.647	3.416	0.124	18.794	0.238	7.0
SE575430-163640	1985-01-08	0.00	5.986	9.067	0.511	0.623	3.319	0.187	18.773	0.243	7.0
SE575430-163640	1985-01-08	0.25	5.986	9.067	0.511	0.623	3.319	0.187	18.773	0.243	7.0
SE575430-163640	1985-01-08	0.75	5.986	9.067	0.511	0.623	3.317	0.186	18.779	0.247	7.0
SE575430-163640	1985-01-08	1.25	5.986	9.066	0.511	0.623	3.314	0.185	18.774	0.247	7.0
SE575430-163640	1985-01-08	1.75	5.986	9.065	0.511	0.623	3.312	0.183	18.770	0.248	7.0
SE575430-163640	1985-01-08	2.25	5.986	9.064	0.511	0.623	3.309	0.182	18.765	0.248	7.0
SE575430-163640	1985-01-08	2.75	5.987	9.062	0.511	0.623	3.306	0.180	18.760	0.249	7.0
SE575430-163640	1985-01-08	3.25	5.987	9.059	0.511	0.624	3.300	0.177	18.750	0.250	7.0
SE575430-163640	1985-01-08	3.75	5.989	9.046	0.511	0.624	3.282	0.168	18.716	0.252	7.0
SE575430-163640	1985-01-08	4.50	5.993	9.012	0.510	0.624	3.236	0.148	18.641	0.255	7.0
SE575430-163640	1985-01-08	5.50	5.995	8.987	0.510	0.624	3.210	0.136	18.599	0.255	7.0
SE575430-163640	1985-01-08	6.50	5.996	8.973	0.510	0.624	3.197	0.130	18.582	0.254	7.0
SE575430-163640	1985-01-08	7.50	5.996	8.966	0.510	0.625	3.192	0.127	18.580	0.252	7.0
SE575430-163640	1985-01-08	8.50	5.996	8.959	0.511	0.626	3.198	0.127	18.591	0.249	7.0
SE575430-163640	1985-01-08	9.50	5.996	8.946	0.514	0.630	3.230	0.126	18.628	0.246	7.0
SE575430-163640	1985-01-08	40.50	5.997	8.737	0.547	0.661	3.580	0.124	18.955	0.226	7.0
SE575430-163640	1985-01-08	41.00	5.997	8.737	0.547	0.661	3.580	0.124	18.955	0.226	7.0
