EUCD	YYYY-MM-DD	Djup(m)	Salt (psu o/oo)	O2 (ml/l)	PO4 (µmol/l)	TotP (µmol/l)	NO3 (µmol/l)	NH4 (µmol/l)	TotN (µmol/l)	Chla (ug/l)	Siktdjup (m)
SE575670-163500	1985-01-01	0.00	6.000	8.004	0.500	0.618	3.014	0.109	18.403	0.286	6.9
SE575670-163500	1985-01-01	0.25	6.000	8.004	0.500	0.618	3.014	0.109	18.403	0.286	6.9
SE575670-163500	1985-01-01	0.75	6.000	8.003	0.500	0.620	3.013	0.108	18.426	0.291	6.9
SE575670-163500	1985-01-01	1.25	6.000	8.003	0.500	0.620	3.012	0.107	18.426	0.292	6.9
SE575670-163500	1985-01-01	1.75	6.000	8.002	0.500	0.620	3.011	0.106	18.426	0.292	6.9
SE575670-163500	1985-01-01	2.25	6.000	8.001	0.500	0.620	3.010	0.105	18.427	0.293	6.9
SE575670-163500	1985-01-01	2.75	6.000	8.000	0.500	0.620	3.009	0.103	18.429	0.294	6.9
SE575670-163500	1985-01-01	3.25	6.000	7.999	0.501	0.621	3.007	0.101	18.433	0.295	6.9
SE575670-163500	1985-01-01	3.75	6.000	7.998	0.501	0.621	3.007	0.101	18.435	0.296	6.9
SE575670-163500	1985-01-01	4.50	6.000	7.999	0.500	0.621	3.005	0.100	18.436	0.296	6.9
SE575670-163500	1985-01-01	5.50	6.000	7.998	0.500	0.621	3.005	0.100	18.437	0.296	6.9
SE575670-163500	1985-01-01	6.50	6.000	7.998	0.500	0.621	3.005	0.100	18.437	0.296	6.9
SE575670-163500	1985-01-01	7.50	6.000	7.998	0.500	0.621	3.005	0.100	18.438	0.296	6.9
SE575670-163500	1985-01-01	8.50	6.000	7.998	0.501	0.621	3.007	0.100	18.440	0.296	6.9
SE575670-163500	1985-01-01	9.50	6.000	7.996	0.501	0.622	3.012	0.100	18.445	0.296	6.9
SE575670-163500	1985-01-01	33.50	6.000	7.977	0.506	0.626	3.066	0.100	18.485	0.296	6.9
SE575670-163500	1985-01-01	34.00	6.000	7.977	0.506	0.626	3.066	0.100	18.485	0.296	6.9
SE575670-163500	1985-01-02	0.00	6.000	8.050	0.502	0.620	3.032	0.107	18.422	0.286	6.9
SE575670-163500	1985-01-02	0.25	6.000	8.050	0.502	0.620	3.032	0.107	18.422	0.286	6.9
SE575670-163500	1985-01-02	0.75	6.000	8.046	0.502	0.621	3.031	0.107	18.447	0.291	6.9
SE575670-163500	1985-01-02	1.25	6.000	8.044	0.502	0.621	3.031	0.107	18.447	0.291	6.9
SE575670-163500	1985-01-02	1.75	6.000	8.043	0.502	0.621	3.031	0.107	18.447	0.291	6.9
SE575670-163500	1985-01-02	2.25	6.000	8.041	0.502	0.621	3.031	0.107	18.447	0.291	6.9
SE575670-163500	1985-01-02	2.75	6.000	8.040	0.502	0.621	3.031	0.107	18.447	0.291	6.9
SE575670-163500	1985-01-02	3.25	6.000	8.039	0.502	0.621	3.032	0.107	18.447	0.291	6.9
SE575670-163500	1985-01-02	3.75	6.000	8.039	0.502	0.621	3.032	0.107	18.447	0.291	6.9
SE575670-163500	1985-01-02	4.50	6.000	8.038	0.502	0.621	3.031	0.107	18.447	0.291	6.9
SE575670-163500	1985-01-02	5.50	6.000	8.037	0.502	0.621	3.031	0.106	18.447	0.291	6.9
SE575670-163500	1985-01-02	6.50	6.000	8.036	0.502	0.621	3.031	0.106	18.447	0.291	6.9
SE575670-163500	1985-01-02	7.50	6.000	8.035	0.502	0.621	3.031	0.106	18.447	0.291	6.9
SE575670-163500	1985-01-02	8.50	6.000	8.034	0.502	0.621	3.031	0.106	18.447	0.291	6.9
SE575670-163500	1985-01-02	9.50	6.000	8.032	0.502	0.622	3.033	0.106	18.449	0.291	6.9
SE575670-163500	1985-01-02	33.50	6.000	7.938	0.516	0.636	3.180	0.100	18.595	0.285	6.9
SE575670-163500	1985-01-02	34.00	6.000	7.938	0.516	0.636	3.180	0.100	18.595	0.285	6.9
SE575670-163500	1985-01-03	0.00	5.985	8.311	0.505	0.622	3.122	0.116	18.603	0.277	6.8
SE575670-163500	1985-01-03	0.25	5.985	8.311	0.505	0.622	3.122	0.116	18.603	0.277	6.8
SE575670-163500	1985-01-03	0.75	5.985	8.305	0.505	0.623	3.121	0.116	18.629	0.282	6.8
SE575670-163500	1985-01-03	1.25	5.985	8.302	0.505	0.623	3.121	0.116	18.628	0.282	6.8
SE575670-163500	1985-01-03	1.75	5.985	8.300	0.505	0.623	3.120	0.116	18.626	0.282	6.8
SE575670-163500	1985-01-03	2.25	5.985	8.299	0.505	0.623	3.120	0.116	18.626	0.282	6.8
SE575670-163500	1985-01-03	2.75	5.985	8.297	0.505	0.623	3.120	0.115	18.625	0.282	6.8
SE575670-163500	1985-01-03	3.25	5.985	8.296	0.505	0.623	3.120	0.115	18.625	0.282	6.8
SE575670-163500	1985-01-03	3.75	5.985	8.295	0.505	0.623	3.120	0.115	18.624	0.282	6.8
SE575670-163500	1985-01-03	4.50	5.985	8.294	0.505	0.623	3.119	0.115	18.623	0.282	6.8
SE575670-163500	1985-01-03	5.50	5.985	8.293	0.505	0.623	3.119	0.115	18.623	0.282	6.8
SE575670-163500	1985-01-03	6.50	5.985	8.291	0.505	0.623	3.119	0.115	18.622	0.282	6.8
SE575670-163500	1985-01-03	7.50	5.985	8.290	0.505	0.623	3.118	0.115	18.621	0.282	6.8
SE575670-163500	1985-01-03	8.50	5.986	8.290	0.505	0.623	3.118	0.115	18.621	0.282	6.8
SE575670-163500	1985-01-03	9.50	5.986	8.288	0.505	0.624	3.120	0.115	18.622	0.282	6.8
SE575670-163500	1985-01-03	33.50	5.986	8.271	0.506	0.624	3.129	0.115	18.623	0.282	6.8
SE575670-163500	1985-01-03	34.00	5.986	8.271	0.506	0.624	3.129	0.115	18.623	0.282	6.8
SE575670-163500	1985-01-04	0.00	5.971	8.765	0.507	0.623	3.203	0.125	18.767	0.269	6.8
SE575670-163500	1985-01-04	0.25	5.971	8.765	0.507	0.623	3.203	0.125	18.767	0.269	6.8
SE575670-163500	1985-01-04	0.75	5.971	8.760	0.507	0.625	3.203	0.125	18.792	0.273	6.8
SE575670-163500	1985-01-04	1.25	5.971	8.757	0.507	0.625	3.202	0.125	18.791	0.273	6.8
SE575670-163500	1985-01-04	1.75	5.971	8.755	0.507	0.625	3.202	0.124	18.790	0.273	6.8
SE575670-163500	1985-01-04	2.25	5.971	8.754	0.507	0.625	3.202	0.124	18.790	0.273	6.8
SE575670-163500	1985-01-04	2.75	5.971	8.753	0.507	0.625	3.202	0.124	18.790	0.273	6.8
SE575670-163500	1985-01-04	3.25	5.971	8.752	0.507	0.625	3.202	0.124	18.790	0.273	6.8
SE575670-163500	1985-01-04	3.75	5.971	8.751	0.507	0.625	3.202	0.124	18.789	0.273	6.8
SE575670-163500	1985-01-04	4.50	5.971	8.750	0.507	0.625	3.201	0.124	18.788	0.273	6.8
SE575670-163500	1985-01-04	5.50	5.971	8.749	0.507	0.625	3.201	0.124	18.788	0.273	6.8
SE575670-163500	1985-01-04	6.50	5.971	8.748	0.507	0.625	3.201	0.124	18.788	0.273	6.8
SE575670-163500	1985-01-04	7.50	5.971	8.747	0.507	0.625	3.201	0.124	18.787	0.273	6.8
SE575670-163500	1985-01-04	8.50	5.971	8.747	0.507	0.625	3.201	0.124	18.787	0.273	6.8
SE575670-163500	1985-01-04	9.50	5.971	8.745	0.507	0.625	3.202	0.124	18.789	0.273	6.8
SE575670-163500	1985-01-04	33.50	5.971	8.733	0.508	0.626	3.211	0.124	18.791	0.273	6.8
SE575670-163500	1985-01-04	34.00	5.971	8.733	0.508	0.626	3.211	0.124	18.791	0.273	6.8
SE575670-163500	1985-01-05	0.00	5.956	9.095	0.509	0.625	3.282	0.134	18.930	0.260	6.8
SE575670-163500	1985-01-05	0.25	5.956	9.095	0.509	0.625	3.282	0.134	18.930	0.260	6.8
SE575670-163500	1985-01-05	0.75	5.956	9.092	0.509	0.626	3.282	0.134	18.955	0.264	6.8
SE575670-163500	1985-01-05	1.25	5.957	9.090	0.509	0.626	3.282	0.133	18.953	0.264	6.8
SE575670-163500	1985-01-05	1.75	5.957	9.088	0.509	0.626	3.282	0.133	18.953	0.264	6.8
SE575670-163500	1985-01-05	2.25	5.957	9.087	0.509	0.626	3.281	0.133	18.952	0.265	6.8
SE575670-163500	1985-01-05	2.75	5.957	9.086	0.509	0.626	3.281	0.133	18.952	0.265	6.8
SE575670-163500	1985-01-05	3.25	5.957	9.085	0.509	0.626	3.281	0.133	18.951	0.265	6.8
SE575670-163500	1985-01-05	3.75	5.957	9.085	0.509	0.626	3.281	0.133	18.951	0.265	6.8
SE575670-163500	1985-01-05	4.50	5.957	9.084	0.509	0.626	3.281	0.133	18.950	0.265	6.8
SE575670-163500	1985-01-05	5.50	5.957	9.083	0.509	0.626	3.280	0.133	18.949	0.265	6.8
SE575670-163500	1985-01-05	6.50	5.957	9.082	0.509	0.626	3.280	0.133	18.949	0.265	6.8
SE575670-163500	1985-01-05	7.50	5.957	9.082	0.509	0.626	3.280	0.133	18.948	0.265	6.8
SE575670-163500	1985-01-05	8.50	5.957	9.081	0.509	0.626	3.280	0.133	18.948	0.265	6.8
SE575670-163500	1985-01-05	9.50	5.957	9.080	0.509	0.626	3.281	0.133	18.949	0.265	6.8
SE575670-163500	1985-01-05	33.50	5.958	9.066	0.510	0.627	3.287	0.133	18.945	0.265	6.8
SE575670-163500	1985-01-05	34.00	5.958	9.066	0.510	0.627	3.287	0.133	18.945	0.265	6.8
SE575670-163500	1985-01-06	0.00	5.917	9.185	0.510	0.624	3.461	0.164	19.340	0.246	6.7
SE575670-163500	1985-01-06	0.25	5.917	9.185	0.510	0.624	3.461	0.164	19.340	0.246	6.7
SE575670-163500	1985-01-06	0.75	5.916	9.186	0.510	0.625	3.463	0.162	19.370	0.250	6.7
SE575670-163500	1985-01-06	1.25	5.920	9.185	0.510	0.626	3.445	0.159	19.326	0.251	6.7
SE575670-163500	1985-01-06	1.75	5.934	9.182	0.510	0.626	3.388	0.148	19.187	0.256	6.7
SE575670-163500	1985-01-06	2.25	5.941	9.180	0.510	0.627	3.361	0.143	19.121	0.258	6.7
SE575670-163500	1985-01-06	2.75	5.944	9.179	0.510	0.627	3.347	0.140	19.088	0.259	6.7
SE575670-163500	1985-01-06	3.25	5.946	9.179	0.510	0.627	3.342	0.139	19.076	0.260	6.7
SE575670-163500	1985-01-06	3.75	5.946	9.178	0.510	0.627	3.340	0.139	19.071	0.260	6.7
SE575670-163500	1985-01-06	4.50	5.947	9.178	0.510	0.627	3.337	0.138	19.066	0.260	6.7
SE575670-163500	1985-01-06	5.50	5.947	9.177	0.510	0.627	3.337	0.138	19.063	0.260	6.7
SE575670-163500	1985-01-06	6.50	5.947	9.177	0.510	0.627	3.335	0.138	19.061	0.260	6.7
SE575670-163500	1985-01-06	7.50	5.947	9.177	0.510	0.627	3.335	0.138	19.060	0.260	6.7
SE575670-163500	1985-01-06	8.50	5.948	9.176	0.510	0.627	3.336	0.138	19.061	0.260	6.7
SE575670-163500	1985-01-06	9.50	5.948	9.174	0.511	0.628	3.341	0.138	19.064	0.260	6.7
SE575670-163500	1985-01-06	33.50	5.978	9.018	0.516	0.632	3.300	0.132	18.821	0.256	6.7
SE575670-163500	1985-01-06	34.00	5.978	9.018	0.516	0.632	3.300	0.132	18.821	0.256	6.7
SE575670-163500	1985-01-07	0.00	5.845	9.194	0.511	0.622	3.755	0.216	20.061	0.232	6.7
SE575670-163500	1985-01-07	0.25	5.845	9.194	0.511	0.622	3.755	0.216	20.061	0.232	6.7
SE575670-163500	1985-01-07	0.75	5.844	9.194	0.511	0.623	3.757	0.213	20.088	0.237	6.7
SE575670-163500	1985-01-07	1.25	5.867	9.190	0.511	0.624	3.666	0.195	19.859	0.243	6.7
SE575670-163500	1985-01-07	1.75	5.893	9.185	0.511	0.625	3.564	0.176	19.604	0.249	6.7
SE575670-163500	1985-01-07	2.25	5.911	9.182	0.511	0.626	3.493	0.162	19.425	0.254	6.7
SE575670-163500	1985-01-07	2.75	5.924	9.178	0.511	0.626	3.443	0.153	19.300	0.257	6.7
SE575670-163500	1985-01-07	3.25	5.932	9.176	0.511	0.627	3.410	0.146	19.218	0.258	6.7
SE575670-163500	1985-01-07	3.75	5.937	9.175	0.511	0.627	3.389	0.143	19.165	0.259	6.7
SE575670-163500	1985-01-07	4.50	5.942	9.173	0.511	0.627	3.368	0.139	19.117	0.259	6.7
SE575670-163500	1985-01-07	5.50	5.944	9.171	0.511	0.628	3.359	0.137	19.093	0.258	6.7
SE575670-163500	1985-01-07	6.50	5.946	9.171	0.511	0.628	3.355	0.137	19.084	0.256	6.7
SE575670-163500	1985-01-07	7.50	5.947	9.170	0.511	0.629	3.356	0.136	19.082	0.255	6.7
SE575670-163500	1985-01-07	8.50	5.947	9.168	0.512	0.629	3.360	0.136	19.085	0.254	6.7
SE575670-163500	1985-01-07	9.50	5.947	9.165	0.513	0.630	3.367	0.136	19.091	0.253	6.7
SE575670-163500	1985-01-07	33.50	5.988	8.972	0.518	0.634	3.303	0.131	18.760	0.253	6.7
SE575670-163500	1985-01-07	34.00	5.988	8.972	0.518	0.634	3.303	0.131	18.760	0.253	6.7
SE575670-163500	1985-01-08	0.00	5.783	9.201	0.512	0.621	4.012	0.260	20.690	0.219	6.6
SE575670-163500	1985-01-08	0.25	5.783	9.201	0.512	0.621	4.012	0.260	20.690	0.219	6.6
SE575670-163500	1985-01-08	0.75	5.782	9.201	0.512	0.622	4.012	0.257	20.711	0.223	6.6
SE575670-163500	1985-01-08	1.25	5.829	9.193	0.512	0.623	3.833	0.222	20.258	0.234	6.6
SE575670-163500	1985-01-08	1.75	5.859	9.187	0.512	0.624	3.713	0.199	19.955	0.241	6.6
SE575670-163500	1985-01-08	2.25	5.883	9.182	0.512	0.625	3.621	0.181	19.721	0.246	6.6
SE575670-163500	1985-01-08	2.75	5.900	9.178	0.512	0.626	3.552	0.168	19.546	0.250	6.6
SE575670-163500	1985-01-08	3.25	5.913	9.174	0.512	0.626	3.501	0.158	19.415	0.252	6.6
SE575670-163500	1985-01-08	3.75	5.922	9.172	0.512	0.627	3.463	0.151	19.319	0.254	6.6
SE575670-163500	1985-01-08	4.50	5.932	9.169	0.512	0.627	3.421	0.144	19.215	0.254	6.6
SE575670-163500	1985-01-08	5.50	5.938	9.166	0.512	0.628	3.396	0.139	19.149	0.253	6.6
SE575670-163500	1985-01-08	6.50	5.942	9.165	0.512	0.629	3.384	0.137	19.119	0.251	6.6
SE575670-163500	1985-01-08	7.50	5.945	9.163	0.513	0.630	3.381	0.136	19.109	0.249	6.6
SE575670-163500	1985-01-08	8.50	5.946	9.160	0.514	0.631	3.386	0.135	19.109	0.247	6.6
SE575670-163500	1985-01-08	9.50	5.947	9.156	0.515	0.632	3.394	0.135	19.116	0.245	6.6
SE575670-163500	1985-01-08	33.50	5.990	8.971	0.519	0.634	3.312	0.134	18.747	0.250	6.6
SE575670-163500	1985-01-08	34.00	5.990	8.971	0.519	0.634	3.312	0.134	18.747	0.250	6.6
