EUCD	YYYY-MM-DD	Djup(m)	Salt (psu o/oo)	O2 (ml/l)	PO4 (µmol/l)	TotP (µmol/l)	NO3 (µmol/l)	NH4 (µmol/l)	TotN (µmol/l)	Chla (ug/l)	Siktdjup (m)
SE565400-163600	1985-01-01	0.00	6.000	8.004	0.500	0.618	3.008	0.106	18.406	0.289	6.8
SE565400-163600	1985-01-01	0.25	6.000	8.004	0.500	0.618	3.008	0.106	18.406	0.289	6.8
SE565400-163600	1985-01-01	0.75	6.000	8.003	0.500	0.620	3.007	0.105	18.432	0.294	6.8
SE565400-163600	1985-01-01	1.25	6.000	8.003	0.500	0.620	3.006	0.105	18.432	0.294	6.8
SE565400-163600	1985-01-01	1.75	6.000	8.003	0.500	0.620	3.006	0.104	18.431	0.294	6.8
SE565400-163600	1985-01-01	2.25	6.000	8.002	0.500	0.620	3.005	0.104	18.431	0.294	6.8
SE565400-163600	1985-01-01	2.75	6.000	8.002	0.500	0.620	3.005	0.104	18.431	0.294	6.8
SE565400-163600	1985-01-01	3.25	6.000	8.002	0.500	0.620	3.005	0.103	18.431	0.295	6.8
SE565400-163600	1985-01-01	3.75	6.000	8.002	0.500	0.620	3.005	0.103	18.431	0.295	6.8
SE565400-163600	1985-01-01	4.50	6.000	8.002	0.500	0.620	3.005	0.103	18.432	0.295	6.8
SE565400-163600	1985-01-01	5.50	6.000	8.001	0.500	0.620	3.004	0.102	18.432	0.295	6.8
SE565400-163600	1985-01-01	6.50	6.000	8.001	0.500	0.621	3.004	0.102	18.432	0.295	6.8
SE565400-163600	1985-01-01	7.50	6.000	8.001	0.500	0.621	3.004	0.102	18.433	0.295	6.8
SE565400-163600	1985-01-01	8.50	6.000	8.000	0.500	0.621	3.004	0.101	18.434	0.296	6.8
SE565400-163600	1985-01-01	9.50	6.000	7.999	0.500	0.621	3.004	0.100	18.435	0.296	6.8
SE565400-163600	1985-01-01	38.50	6.000	7.977	0.506	0.626	3.065	0.100	18.485	0.296	6.8
SE565400-163600	1985-01-01	39.00	6.000	7.977	0.506	0.626	3.065	0.100	18.485	0.296	6.8
SE565400-163600	1985-01-02	0.00	6.000	8.010	0.500	0.618	3.015	0.111	18.410	0.290	6.9
SE565400-163600	1985-01-02	0.25	6.000	8.010	0.500	0.618	3.015	0.111	18.410	0.290	6.9
SE565400-163600	1985-01-02	0.75	6.000	8.009	0.500	0.620	3.015	0.110	18.435	0.295	6.9
SE565400-163600	1985-01-02	1.25	6.000	8.009	0.500	0.620	3.014	0.110	18.434	0.295	6.9
SE565400-163600	1985-01-02	1.75	6.000	8.008	0.500	0.620	3.014	0.110	18.434	0.295	6.9
SE565400-163600	1985-01-02	2.25	6.000	8.008	0.500	0.620	3.014	0.109	18.434	0.295	6.9
SE565400-163600	1985-01-02	2.75	6.000	8.008	0.500	0.620	3.014	0.109	18.434	0.295	6.9
SE565400-163600	1985-01-02	3.25	6.000	8.008	0.500	0.620	3.014	0.109	18.434	0.295	6.9
SE565400-163600	1985-01-02	3.75	6.000	8.007	0.500	0.620	3.014	0.109	18.434	0.295	6.9
SE565400-163600	1985-01-02	4.50	6.000	8.007	0.500	0.620	3.014	0.109	18.434	0.295	6.9
SE565400-163600	1985-01-02	5.50	6.000	8.006	0.500	0.620	3.014	0.108	18.435	0.295	6.9
SE565400-163600	1985-01-02	6.50	6.000	8.006	0.500	0.620	3.014	0.108	18.435	0.295	6.9
SE565400-163600	1985-01-02	7.50	6.000	8.005	0.500	0.620	3.015	0.108	18.436	0.295	6.9
SE565400-163600	1985-01-02	8.50	6.000	8.004	0.501	0.620	3.015	0.107	18.436	0.295	6.9
SE565400-163600	1985-01-02	9.50	6.000	8.004	0.501	0.620	3.016	0.107	18.438	0.294	6.9
SE565400-163600	1985-01-02	38.50	6.000	7.940	0.516	0.635	3.172	0.100	18.587	0.285	6.9
SE565400-163600	1985-01-02	39.00	6.000	7.940	0.516	0.635	3.172	0.100	18.587	0.285	6.9
SE565400-163600	1985-01-03	0.00	6.000	8.173	0.503	0.620	3.050	0.112	18.445	0.285	6.9
SE565400-163600	1985-01-03	0.25	6.000	8.173	0.503	0.620	3.050	0.112	18.445	0.285	6.9
SE565400-163600	1985-01-03	0.75	6.000	8.167	0.503	0.622	3.050	0.112	18.470	0.289	6.9
SE565400-163600	1985-01-03	1.25	6.000	8.163	0.503	0.622	3.050	0.112	18.469	0.289	6.9
SE565400-163600	1985-01-03	1.75	6.000	8.161	0.503	0.622	3.050	0.112	18.469	0.289	6.9
SE565400-163600	1985-01-03	2.25	6.000	8.159	0.503	0.622	3.050	0.112	18.469	0.289	6.9
SE565400-163600	1985-01-03	2.75	6.000	8.158	0.503	0.622	3.050	0.112	18.469	0.289	6.9
SE565400-163600	1985-01-03	3.25	6.000	8.157	0.503	0.622	3.050	0.112	18.469	0.289	6.9
SE565400-163600	1985-01-03	3.75	6.000	8.156	0.503	0.622	3.050	0.112	18.469	0.290	6.9
SE565400-163600	1985-01-03	4.50	6.000	8.155	0.503	0.622	3.050	0.112	18.469	0.290	6.9
SE565400-163600	1985-01-03	5.50	6.000	8.153	0.503	0.622	3.050	0.112	18.469	0.290	6.9
SE565400-163600	1985-01-03	6.50	6.000	8.152	0.503	0.622	3.050	0.112	18.469	0.290	6.9
SE565400-163600	1985-01-03	7.50	6.000	8.151	0.503	0.622	3.050	0.112	18.469	0.290	6.9
SE565400-163600	1985-01-03	8.50	6.000	8.150	0.503	0.622	3.050	0.112	18.469	0.290	6.9
SE565400-163600	1985-01-03	9.50	6.000	8.150	0.503	0.622	3.050	0.112	18.469	0.290	6.9
SE565400-163600	1985-01-03	38.50	6.054	8.135	0.506	0.623	3.083	0.109	18.365	0.332	6.9
SE565400-163600	1985-01-03	39.00	6.054	8.135	0.506	0.623	3.083	0.109	18.365	0.332	6.9
SE565400-163600	1985-01-04	0.00	6.001	8.466	0.504	0.621	3.082	0.119	18.473	0.283	6.9
SE565400-163600	1985-01-04	0.25	6.001	8.466	0.504	0.621	3.082	0.119	18.473	0.283	6.9
SE565400-163600	1985-01-04	0.75	6.001	8.461	0.504	0.623	3.082	0.119	18.497	0.288	6.9
SE565400-163600	1985-01-04	1.25	6.001	8.457	0.504	0.623	3.082	0.119	18.496	0.288	6.9
SE565400-163600	1985-01-04	1.75	6.001	8.455	0.504	0.623	3.082	0.118	18.496	0.288	6.9
SE565400-163600	1985-01-04	2.25	6.001	8.454	0.504	0.623	3.082	0.118	18.496	0.288	6.9
SE565400-163600	1985-01-04	2.75	6.001	8.452	0.504	0.623	3.082	0.118	18.496	0.288	6.9
SE565400-163600	1985-01-04	3.25	6.001	8.451	0.504	0.623	3.082	0.118	18.496	0.288	6.9
SE565400-163600	1985-01-04	3.75	6.001	8.450	0.504	0.623	3.082	0.118	18.496	0.288	6.9
SE565400-163600	1985-01-04	4.50	6.001	8.449	0.504	0.623	3.082	0.118	18.496	0.288	6.9
SE565400-163600	1985-01-04	5.50	6.001	8.448	0.504	0.623	3.082	0.118	18.496	0.288	6.9
SE565400-163600	1985-01-04	6.50	6.001	8.447	0.504	0.623	3.082	0.118	18.495	0.288	6.9
SE565400-163600	1985-01-04	7.50	6.001	8.446	0.504	0.623	3.082	0.118	18.495	0.288	6.9
SE565400-163600	1985-01-04	8.50	6.001	8.445	0.504	0.623	3.082	0.118	18.495	0.288	6.9
SE565400-163600	1985-01-04	9.50	6.001	8.444	0.504	0.623	3.082	0.118	18.495	0.288	6.9
SE565400-163600	1985-01-04	38.50	6.104	8.369	0.509	0.623	3.139	0.116	18.297	0.368	6.9
SE565400-163600	1985-01-04	39.00	6.104	8.369	0.509	0.623	3.139	0.116	18.297	0.368	6.9
SE565400-163600	1985-01-05	0.00	6.005	8.744	0.506	0.622	3.120	0.126	18.503	0.280	6.9
SE565400-163600	1985-01-05	0.25	6.005	8.744	0.506	0.622	3.120	0.126	18.503	0.280	6.9
SE565400-163600	1985-01-05	0.75	6.005	8.739	0.506	0.623	3.120	0.126	18.526	0.285	6.9
SE565400-163600	1985-01-05	1.25	6.005	8.736	0.506	0.623	3.120	0.126	18.525	0.285	6.9
SE565400-163600	1985-01-05	1.75	6.005	8.734	0.506	0.623	3.120	0.126	18.525	0.285	6.9
SE565400-163600	1985-01-05	2.25	6.005	8.733	0.506	0.623	3.120	0.126	18.525	0.285	6.9
SE565400-163600	1985-01-05	2.75	6.005	8.732	0.506	0.623	3.120	0.126	18.524	0.285	6.9
SE565400-163600	1985-01-05	3.25	6.005	8.731	0.506	0.623	3.120	0.126	18.524	0.285	6.9
SE565400-163600	1985-01-05	3.75	6.005	8.730	0.506	0.623	3.120	0.126	18.524	0.285	6.9
SE565400-163600	1985-01-05	4.50	6.005	8.729	0.506	0.623	3.119	0.126	18.524	0.285	6.9
SE565400-163600	1985-01-05	5.50	6.005	8.728	0.506	0.623	3.119	0.126	18.524	0.285	6.9
SE565400-163600	1985-01-05	6.50	6.005	8.727	0.506	0.623	3.119	0.126	18.524	0.285	6.9
SE565400-163600	1985-01-05	7.50	6.005	8.726	0.506	0.623	3.119	0.126	18.524	0.285	6.9
SE565400-163600	1985-01-05	8.50	6.005	8.725	0.506	0.623	3.119	0.126	18.524	0.285	6.9
SE565400-163600	1985-01-05	9.50	6.005	8.724	0.506	0.623	3.119	0.126	18.524	0.285	6.9
SE565400-163600	1985-01-05	38.50	6.148	8.552	0.513	0.624	3.191	0.122	18.244	0.396	6.9
SE565400-163600	1985-01-05	39.00	6.148	8.552	0.513	0.624	3.191	0.122	18.244	0.396	6.9
SE565400-163600	1985-01-06	0.00	6.004	8.840	0.507	0.622	3.159	0.137	18.548	0.276	6.9
SE565400-163600	1985-01-06	0.25	6.004	8.840	0.507	0.622	3.159	0.137	18.548	0.276	6.9
SE565400-163600	1985-01-06	0.75	6.004	8.839	0.507	0.623	3.158	0.137	18.567	0.281	6.9
SE565400-163600	1985-01-06	1.25	6.004	8.838	0.507	0.623	3.157	0.136	18.566	0.281	6.9
SE565400-163600	1985-01-06	1.75	6.004	8.838	0.507	0.623	3.157	0.136	18.565	0.281	6.9
SE565400-163600	1985-01-06	2.25	6.004	8.837	0.507	0.623	3.156	0.136	18.564	0.281	6.9
SE565400-163600	1985-01-06	2.75	6.004	8.837	0.507	0.623	3.156	0.136	18.563	0.281	6.9
SE565400-163600	1985-01-06	3.25	6.004	8.836	0.507	0.624	3.155	0.135	18.563	0.281	6.9
SE565400-163600	1985-01-06	3.75	6.004	8.836	0.507	0.624	3.155	0.135	18.562	0.281	6.9
SE565400-163600	1985-01-06	4.50	6.004	8.835	0.507	0.624	3.155	0.135	18.561	0.281	6.9
SE565400-163600	1985-01-06	5.50	6.004	8.834	0.507	0.624	3.154	0.134	18.561	0.281	6.9
SE565400-163600	1985-01-06	6.50	6.005	8.833	0.507	0.624	3.153	0.134	18.560	0.281	6.9
SE565400-163600	1985-01-06	7.50	6.005	8.832	0.507	0.624	3.153	0.134	18.559	0.281	6.9
SE565400-163600	1985-01-06	8.50	6.005	8.831	0.507	0.624	3.152	0.133	18.558	0.282	6.9
SE565400-163600	1985-01-06	9.50	6.005	8.830	0.507	0.624	3.152	0.133	18.558	0.282	6.9
SE565400-163600	1985-01-06	38.50	6.190	8.603	0.516	0.625	3.240	0.125	18.205	0.417	6.9
SE565400-163600	1985-01-06	39.00	6.190	8.603	0.516	0.625	3.240	0.125	18.205	0.417	6.9
SE565400-163600	1985-01-07	0.00	6.007	8.936	0.508	0.623	3.184	0.141	18.565	0.275	6.9
SE565400-163600	1985-01-07	0.25	6.007	8.936	0.508	0.623	3.184	0.141	18.565	0.275	6.9
SE565400-163600	1985-01-07	0.75	6.007	8.932	0.508	0.624	3.183	0.141	18.585	0.280	6.9
SE565400-163600	1985-01-07	1.25	6.007	8.929	0.508	0.624	3.183	0.141	18.584	0.280	6.9
SE565400-163600	1985-01-07	1.75	6.007	8.928	0.508	0.624	3.183	0.141	18.584	0.280	6.9
SE565400-163600	1985-01-07	2.25	6.007	8.926	0.508	0.624	3.183	0.141	18.584	0.280	6.9
SE565400-163600	1985-01-07	2.75	6.007	8.925	0.508	0.624	3.183	0.141	18.583	0.280	6.9
SE565400-163600	1985-01-07	3.25	6.007	8.924	0.508	0.624	3.183	0.141	18.583	0.281	6.9
SE565400-163600	1985-01-07	3.75	6.007	8.923	0.508	0.624	3.183	0.141	18.583	0.281	6.9
SE565400-163600	1985-01-07	4.50	6.007	8.922	0.508	0.624	3.183	0.141	18.583	0.281	6.9
SE565400-163600	1985-01-07	5.50	6.007	8.920	0.508	0.624	3.183	0.140	18.582	0.281	6.9
SE565400-163600	1985-01-07	6.50	6.007	8.919	0.508	0.624	3.183	0.140	18.582	0.281	6.9
SE565400-163600	1985-01-07	7.50	6.007	8.918	0.508	0.624	3.183	0.140	18.582	0.281	6.9
SE565400-163600	1985-01-07	8.50	6.008	8.916	0.508	0.624	3.183	0.140	18.582	0.281	6.9
SE565400-163600	1985-01-07	9.50	6.008	8.915	0.508	0.624	3.183	0.140	18.581	0.281	6.9
SE565400-163600	1985-01-07	38.50	6.227	8.579	0.527	0.633	3.365	0.129	18.243	0.425	6.9
SE565400-163600	1985-01-07	39.00	6.227	8.579	0.527	0.633	3.365	0.129	18.243	0.425	6.9
SE565400-163600	1985-01-08	0.00	6.012	9.009	0.509	0.623	3.216	0.149	18.585	0.273	6.9
SE565400-163600	1985-01-08	0.25	6.012	9.009	0.509	0.623	3.216	0.149	18.585	0.273	6.9
SE565400-163600	1985-01-08	0.75	6.012	9.006	0.509	0.624	3.215	0.149	18.603	0.278	6.9
SE565400-163600	1985-01-08	1.25	6.012	9.004	0.509	0.624	3.215	0.149	18.603	0.278	6.9
SE565400-163600	1985-01-08	1.75	6.012	9.003	0.509	0.624	3.215	0.148	18.602	0.278	6.9
SE565400-163600	1985-01-08	2.25	6.012	9.002	0.509	0.624	3.215	0.148	18.602	0.278	6.9
SE565400-163600	1985-01-08	2.75	6.012	9.001	0.509	0.624	3.215	0.148	18.602	0.278	6.9
SE565400-163600	1985-01-08	3.25	6.012	9.000	0.509	0.624	3.214	0.148	18.602	0.278	6.9
SE565400-163600	1985-01-08	3.75	6.012	8.999	0.509	0.624	3.214	0.148	18.601	0.278	6.9
SE565400-163600	1985-01-08	4.50	6.012	8.998	0.509	0.624	3.214	0.148	18.601	0.278	6.9
SE565400-163600	1985-01-08	5.50	6.012	8.997	0.509	0.624	3.214	0.148	18.601	0.278	6.9
SE565400-163600	1985-01-08	6.50	6.012	8.996	0.509	0.624	3.214	0.148	18.600	0.278	6.9
SE565400-163600	1985-01-08	7.50	6.012	8.995	0.509	0.624	3.214	0.148	18.600	0.278	6.9
SE565400-163600	1985-01-08	8.50	6.012	8.994	0.509	0.624	3.214	0.147	18.600	0.278	6.9
SE565400-163600	1985-01-08	9.50	6.013	8.992	0.509	0.624	3.214	0.147	18.600	0.278	6.9
SE565400-163600	1985-01-08	38.50	6.289	8.651	0.540	0.643	3.479	0.139	18.268	0.461	6.9
SE565400-163600	1985-01-08	39.00	6.289	8.651	0.540	0.643	3.479	0.139	18.268	0.461	6.9
