EUCD	YYYY-MM-DD	Djup(m)	Salt (psu o/oo)	O2 (ml/l)	PO4 (µmol/l)	TotP (µmol/l)	NO3 (µmol/l)	NH4 (µmol/l)	TotN (µmol/l)	Chla (ug/l)	Siktdjup (m)
SE573860-164725	1985-01-01	0.00	6.000	8.005	0.500	0.618	3.010	0.109	18.400	0.287	6.9
SE573860-164725	1985-01-01	0.25	6.000	8.005	0.500	0.618	3.010	0.109	18.400	0.287	6.9
SE573860-164725	1985-01-01	0.75	6.000	8.004	0.500	0.619	3.009	0.108	18.423	0.292	6.9
SE573860-164725	1985-01-01	1.25	6.000	8.004	0.500	0.619	3.008	0.107	18.423	0.292	6.9
SE573860-164725	1985-01-01	1.75	6.000	8.003	0.500	0.619	3.007	0.106	18.423	0.292	6.9
SE573860-164725	1985-01-01	2.25	6.000	8.003	0.500	0.620	3.006	0.105	18.424	0.293	6.9
SE573860-164725	1985-01-01	2.75	6.000	8.002	0.500	0.620	3.005	0.103	18.426	0.294	6.9
SE573860-164725	1985-01-01	3.25	6.000	8.000	0.500	0.620	3.003	0.101	18.429	0.295	6.9
SE573860-164725	1985-01-01	3.75	6.000	8.000	0.500	0.621	3.003	0.101	18.432	0.296	6.9
SE573860-164725	1985-01-01	4.50	6.000	8.000	0.500	0.621	3.002	0.100	18.433	0.296	6.9
SE573860-164725	1985-01-01	5.50	6.000	7.999	0.500	0.621	3.002	0.100	18.434	0.296	6.9
SE573860-164725	1985-01-01	6.50	6.000	7.999	0.500	0.621	3.003	0.100	18.435	0.296	6.9
SE573860-164725	1985-01-01	7.50	6.000	7.999	0.500	0.621	3.003	0.100	18.436	0.296	6.9
SE573860-164725	1985-01-01	8.50	6.000	7.999	0.500	0.621	3.004	0.100	18.437	0.296	6.9
SE573860-164725	1985-01-01	9.50	6.000	7.998	0.501	0.621	3.006	0.100	18.439	0.296	6.9
SE573860-164725	1985-01-01	55.50	6.000	7.979	0.505	0.625	3.060	0.100	18.479	0.296	6.9
SE573860-164725	1985-01-01	56.00	6.000	7.979	0.505	0.625	3.060	0.100	18.479	0.296	6.9
SE573860-164725	1985-01-02	0.00	6.000	8.050	0.501	0.619	3.018	0.105	18.413	0.286	6.8
SE573860-164725	1985-01-02	0.25	6.000	8.050	0.501	0.619	3.018	0.105	18.413	0.286	6.8
SE573860-164725	1985-01-02	0.75	6.000	8.046	0.501	0.621	3.018	0.105	18.439	0.291	6.8
SE573860-164725	1985-01-02	1.25	6.000	8.044	0.501	0.621	3.018	0.104	18.439	0.291	6.8
SE573860-164725	1985-01-02	1.75	6.000	8.042	0.501	0.621	3.018	0.104	18.439	0.291	6.8
SE573860-164725	1985-01-02	2.25	6.000	8.041	0.501	0.621	3.018	0.104	18.439	0.291	6.8
SE573860-164725	1985-01-02	2.75	6.000	8.039	0.501	0.621	3.018	0.104	18.439	0.291	6.8
SE573860-164725	1985-01-02	3.25	6.000	8.038	0.501	0.621	3.018	0.104	18.439	0.291	6.8
SE573860-164725	1985-01-02	3.75	6.000	8.038	0.501	0.621	3.018	0.104	18.439	0.291	6.8
SE573860-164725	1985-01-02	4.50	6.000	8.037	0.501	0.621	3.018	0.104	18.439	0.291	6.8
SE573860-164725	1985-01-02	5.50	6.000	8.035	0.501	0.621	3.018	0.104	18.439	0.291	6.8
SE573860-164725	1985-01-02	6.50	6.000	8.034	0.501	0.621	3.018	0.104	18.439	0.291	6.8
SE573860-164725	1985-01-02	7.50	6.000	8.033	0.501	0.621	3.018	0.104	18.440	0.291	6.8
SE573860-164725	1985-01-02	8.50	6.000	8.032	0.501	0.621	3.018	0.104	18.440	0.291	6.8
SE573860-164725	1985-01-02	9.50	6.000	8.031	0.501	0.621	3.019	0.104	18.441	0.291	6.8
SE573860-164725	1985-01-02	55.50	6.000	7.944	0.515	0.634	3.162	0.100	18.575	0.285	6.8
SE573860-164725	1985-01-02	56.00	6.000	7.944	0.515	0.634	3.162	0.100	18.575	0.285	6.8
SE573860-164725	1985-01-03	0.00	6.022	8.254	0.502	0.618	3.065	0.112	18.381	0.306	6.9
SE573860-164725	1985-01-03	0.25	6.022	8.254	0.502	0.618	3.065	0.112	18.381	0.306	6.9
SE573860-164725	1985-01-03	0.75	6.022	8.248	0.502	0.620	3.065	0.112	18.407	0.311	6.9
SE573860-164725	1985-01-03	1.25	6.022	8.245	0.502	0.620	3.065	0.112	18.406	0.311	6.9
SE573860-164725	1985-01-03	1.75	6.022	8.242	0.502	0.620	3.065	0.112	18.406	0.311	6.9
SE573860-164725	1985-01-03	2.25	6.022	8.241	0.502	0.620	3.065	0.112	18.406	0.311	6.9
SE573860-164725	1985-01-03	2.75	6.022	8.239	0.502	0.620	3.065	0.112	18.406	0.311	6.9
SE573860-164725	1985-01-03	3.25	6.022	8.238	0.502	0.620	3.065	0.112	18.406	0.311	6.9
SE573860-164725	1985-01-03	3.75	6.022	8.237	0.502	0.620	3.065	0.112	18.406	0.311	6.9
SE573860-164725	1985-01-03	4.50	6.022	8.236	0.502	0.620	3.065	0.112	18.406	0.312	6.9
SE573860-164725	1985-01-03	5.50	6.022	8.234	0.502	0.620	3.066	0.112	18.405	0.312	6.9
SE573860-164725	1985-01-03	6.50	6.023	8.232	0.502	0.620	3.066	0.112	18.405	0.312	6.9
SE573860-164725	1985-01-03	7.50	6.023	8.231	0.502	0.620	3.066	0.112	18.405	0.312	6.9
SE573860-164725	1985-01-03	8.50	6.023	8.230	0.502	0.620	3.066	0.112	18.404	0.312	6.9
SE573860-164725	1985-01-03	9.50	6.023	8.228	0.503	0.620	3.067	0.112	18.405	0.313	6.9
SE573860-164725	1985-01-03	55.50	6.213	8.122	0.506	0.610	3.328	0.150	18.065	0.568	6.9
SE573860-164725	1985-01-03	56.00	6.213	8.122	0.506	0.610	3.328	0.150	18.065	0.568	6.9
SE573860-164725	1985-01-04	0.00	6.118	8.596	0.504	0.612	3.198	0.135	18.204	0.419	6.9
SE573860-164725	1985-01-04	0.25	6.118	8.596	0.504	0.612	3.198	0.135	18.204	0.419	6.9
SE573860-164725	1985-01-04	0.75	6.118	8.590	0.504	0.614	3.198	0.135	18.230	0.427	6.9
SE573860-164725	1985-01-04	1.25	6.118	8.587	0.504	0.614	3.198	0.135	18.230	0.427	6.9
SE573860-164725	1985-01-04	1.75	6.119	8.585	0.504	0.614	3.198	0.135	18.229	0.427	6.9
SE573860-164725	1985-01-04	2.25	6.119	8.583	0.504	0.614	3.198	0.135	18.229	0.427	6.9
SE573860-164725	1985-01-04	2.75	6.119	8.582	0.504	0.614	3.198	0.135	18.229	0.427	6.9
SE573860-164725	1985-01-04	3.25	6.119	8.580	0.504	0.614	3.199	0.135	18.229	0.427	6.9
SE573860-164725	1985-01-04	3.75	6.119	8.579	0.504	0.614	3.199	0.135	18.229	0.427	6.9
SE573860-164725	1985-01-04	4.50	6.119	8.578	0.504	0.614	3.199	0.135	18.229	0.427	6.9
SE573860-164725	1985-01-04	5.50	6.119	8.577	0.504	0.614	3.199	0.135	18.228	0.428	6.9
SE573860-164725	1985-01-04	6.50	6.119	8.575	0.504	0.614	3.199	0.135	18.228	0.428	6.9
SE573860-164725	1985-01-04	7.50	6.119	8.574	0.504	0.614	3.199	0.135	18.228	0.428	6.9
SE573860-164725	1985-01-04	8.50	6.120	8.573	0.504	0.614	3.200	0.135	18.228	0.428	6.9
SE573860-164725	1985-01-04	9.50	6.120	8.572	0.504	0.614	3.200	0.135	18.228	0.428	6.9
SE573860-164725	1985-01-04	55.50	6.269	8.100	0.522	0.621	3.564	0.160	18.117	0.608	6.9
SE573860-164725	1985-01-04	56.00	6.269	8.100	0.522	0.621	3.564	0.160	18.117	0.608	6.9
SE573860-164725	1985-01-05	0.00	6.175	8.818	0.505	0.609	3.283	0.149	18.117	0.472	7.0
SE573860-164725	1985-01-05	0.25	6.175	8.818	0.505	0.609	3.283	0.149	18.117	0.472	7.0
SE573860-164725	1985-01-05	0.75	6.175	8.814	0.505	0.610	3.283	0.149	18.144	0.480	7.0
SE573860-164725	1985-01-05	1.25	6.175	8.812	0.505	0.610	3.283	0.149	18.143	0.480	7.0
SE573860-164725	1985-01-05	1.75	6.175	8.810	0.505	0.610	3.283	0.149	18.143	0.480	7.0
SE573860-164725	1985-01-05	2.25	6.176	8.808	0.505	0.610	3.283	0.149	18.142	0.481	7.0
SE573860-164725	1985-01-05	2.75	6.176	8.807	0.505	0.610	3.283	0.149	18.142	0.481	7.0
SE573860-164725	1985-01-05	3.25	6.176	8.806	0.505	0.610	3.284	0.149	18.142	0.481	7.0
SE573860-164725	1985-01-05	3.75	6.176	8.805	0.505	0.610	3.284	0.149	18.142	0.481	7.0
SE573860-164725	1985-01-05	4.50	6.176	8.804	0.505	0.610	3.283	0.149	18.141	0.481	7.0
SE573860-164725	1985-01-05	5.50	6.176	8.803	0.505	0.610	3.284	0.149	18.141	0.481	7.0
SE573860-164725	1985-01-05	6.50	6.177	8.802	0.505	0.610	3.284	0.149	18.141	0.482	7.0
SE573860-164725	1985-01-05	7.50	6.177	8.801	0.505	0.610	3.284	0.149	18.140	0.482	7.0
SE573860-164725	1985-01-05	8.50	6.177	8.799	0.505	0.610	3.285	0.149	18.140	0.482	7.0
SE573860-164725	1985-01-05	9.50	6.177	8.798	0.505	0.610	3.286	0.149	18.140	0.483	7.0
SE573860-164725	1985-01-05	55.50	6.309	8.674	0.507	0.603	3.433	0.170	17.929	0.639	7.0
SE573860-164725	1985-01-05	56.00	6.309	8.674	0.507	0.603	3.433	0.170	17.929	0.639	7.0
SE573860-164725	1985-01-06	0.00	6.183	8.927	0.506	0.608	3.314	0.157	18.122	0.469	7.0
SE573860-164725	1985-01-06	0.25	6.183	8.927	0.506	0.608	3.314	0.157	18.122	0.469	7.0
SE573860-164725	1985-01-06	0.75	6.183	8.925	0.506	0.610	3.314	0.156	18.146	0.477	7.0
SE573860-164725	1985-01-06	1.25	6.183	8.923	0.506	0.610	3.314	0.156	18.145	0.477	7.0
SE573860-164725	1985-01-06	1.75	6.183	8.921	0.506	0.610	3.314	0.156	18.143	0.478	7.0
SE573860-164725	1985-01-06	2.25	6.184	8.920	0.506	0.610	3.314	0.156	18.142	0.478	7.0
SE573860-164725	1985-01-06	2.75	6.184	8.919	0.506	0.610	3.314	0.156	18.142	0.479	7.0
SE573860-164725	1985-01-06	3.25	6.185	8.917	0.506	0.610	3.314	0.156	18.141	0.479	7.0
SE573860-164725	1985-01-06	3.75	6.185	8.916	0.506	0.610	3.315	0.156	18.140	0.479	7.0
SE573860-164725	1985-01-06	4.50	6.186	8.914	0.506	0.610	3.315	0.155	18.139	0.480	7.0
SE573860-164725	1985-01-06	5.50	6.187	8.910	0.506	0.610	3.315	0.155	18.137	0.482	7.0
SE573860-164725	1985-01-06	6.50	6.189	8.905	0.506	0.610	3.317	0.155	18.133	0.484	7.0
SE573860-164725	1985-01-06	7.50	6.193	8.893	0.506	0.609	3.321	0.155	18.126	0.488	7.0
SE573860-164725	1985-01-06	8.50	6.206	8.863	0.506	0.609	3.334	0.156	18.104	0.501	7.0
SE573860-164725	1985-01-06	9.50	6.238	8.799	0.507	0.608	3.369	0.158	18.054	0.531	7.0
SE573860-164725	1985-01-06	55.50	6.409	8.670	0.510	0.600	3.576	0.185	17.827	0.719	7.0
SE573860-164725	1985-01-06	56.00	6.409	8.670	0.510	0.600	3.576	0.185	17.827	0.719	7.0
SE573860-164725	1985-01-07	0.00	6.267	8.971	0.508	0.604	3.421	0.169	18.010	0.534	7.0
SE573860-164725	1985-01-07	0.25	6.267	8.971	0.508	0.604	3.421	0.169	18.010	0.534	7.0
SE573860-164725	1985-01-07	0.75	6.267	8.967	0.508	0.606	3.421	0.168	18.039	0.543	7.0
SE573860-164725	1985-01-07	1.25	6.267	8.965	0.508	0.606	3.421	0.168	18.038	0.544	7.0
SE573860-164725	1985-01-07	1.75	6.268	8.963	0.508	0.606	3.421	0.168	18.038	0.544	7.0
SE573860-164725	1985-01-07	2.25	6.268	8.962	0.508	0.606	3.421	0.168	18.037	0.544	7.0
SE573860-164725	1985-01-07	2.75	6.268	8.961	0.508	0.606	3.422	0.168	18.037	0.544	7.0
SE573860-164725	1985-01-07	3.25	6.268	8.960	0.508	0.606	3.422	0.168	18.037	0.544	7.0
SE573860-164725	1985-01-07	3.75	6.268	8.959	0.508	0.606	3.422	0.168	18.037	0.544	7.0
SE573860-164725	1985-01-07	4.50	6.268	8.958	0.508	0.606	3.422	0.168	18.036	0.545	7.0
SE573860-164725	1985-01-07	5.50	6.269	8.956	0.508	0.606	3.422	0.168	18.036	0.545	7.0
SE573860-164725	1985-01-07	6.50	6.269	8.955	0.508	0.606	3.422	0.168	18.035	0.545	7.0
SE573860-164725	1985-01-07	7.50	6.269	8.954	0.508	0.606	3.423	0.168	18.035	0.546	7.0
SE573860-164725	1985-01-07	8.50	6.270	8.953	0.508	0.606	3.423	0.168	18.034	0.546	7.0
SE573860-164725	1985-01-07	9.50	6.270	8.951	0.509	0.606	3.424	0.168	18.034	0.546	7.0
SE573860-164725	1985-01-07	55.50	6.488	8.643	0.514	0.598	3.685	0.195	17.772	0.764	7.0
SE573860-164725	1985-01-07	56.00	6.488	8.643	0.514	0.598	3.685	0.195	17.772	0.764	7.0
SE573860-164725	1985-01-08	0.00	6.270	9.080	0.509	0.604	3.443	0.174	18.034	0.516	7.0
SE573860-164725	1985-01-08	0.25	6.270	9.080	0.509	0.604	3.443	0.174	18.034	0.516	7.0
SE573860-164725	1985-01-08	0.75	6.270	9.077	0.509	0.606	3.442	0.174	18.061	0.525	7.0
SE573860-164725	1985-01-08	1.25	6.270	9.075	0.509	0.606	3.442	0.174	18.060	0.526	7.0
SE573860-164725	1985-01-08	1.75	6.270	9.074	0.509	0.606	3.443	0.174	18.060	0.526	7.0
SE573860-164725	1985-01-08	2.25	6.270	9.072	0.509	0.606	3.443	0.173	18.059	0.526	7.0
SE573860-164725	1985-01-08	2.75	6.271	9.071	0.509	0.606	3.443	0.173	18.059	0.526	7.0
SE573860-164725	1985-01-08	3.25	6.271	9.070	0.509	0.606	3.443	0.173	18.058	0.526	7.0
SE573860-164725	1985-01-08	3.75	6.271	9.070	0.509	0.606	3.443	0.173	18.058	0.527	7.0
SE573860-164725	1985-01-08	4.50	6.271	9.069	0.509	0.606	3.443	0.173	18.057	0.527	7.0
SE573860-164725	1985-01-08	5.50	6.272	9.067	0.509	0.606	3.443	0.173	18.057	0.527	7.0
SE573860-164725	1985-01-08	6.50	6.272	9.066	0.509	0.606	3.443	0.173	18.056	0.528	7.0
SE573860-164725	1985-01-08	7.50	6.273	9.064	0.509	0.606	3.444	0.173	18.055	0.528	7.0
SE573860-164725	1985-01-08	8.50	6.273	9.062	0.509	0.606	3.444	0.173	18.055	0.529	7.0
SE573860-164725	1985-01-08	9.50	6.274	9.060	0.510	0.606	3.445	0.173	18.054	0.529	7.0
SE573860-164725	1985-01-08	55.50	6.551	8.628	0.516	0.596	3.766	0.200	17.745	0.789	7.0
SE573860-164725	1985-01-08	56.00	6.551	8.628	0.516	0.596	3.766	0.200	17.745	0.789	7.0
