EUCD	YYYY-MM-DD	Djup(m)	Salt (psu o/oo)	O2 (ml/l)	PO4 (µmol/l)	TotP (µmol/l)	NO3 (µmol/l)	NH4 (µmol/l)	TotN (µmol/l)	Chla (ug/l)	Siktdjup (m)
SE574205-164500	1985-01-01	0.00	6.000	8.004	0.501	0.618	3.016	0.110	18.405	0.286	6.9
SE574205-164500	1985-01-01	0.25	6.000	8.004	0.501	0.618	3.016	0.110	18.405	0.286	6.9
SE574205-164500	1985-01-01	0.75	6.000	8.003	0.501	0.620	3.015	0.108	18.428	0.291	6.9
SE574205-164500	1985-01-01	1.25	6.000	8.002	0.501	0.620	3.013	0.107	18.427	0.292	6.9
SE574205-164500	1985-01-01	1.75	6.000	8.002	0.501	0.620	3.012	0.107	18.427	0.292	6.9
SE574205-164500	1985-01-01	2.25	6.000	8.001	0.501	0.620	3.011	0.105	18.428	0.293	6.9
SE574205-164500	1985-01-01	2.75	6.000	8.000	0.501	0.620	3.010	0.104	18.430	0.294	6.9
SE574205-164500	1985-01-01	3.25	6.000	7.999	0.501	0.621	3.008	0.101	18.433	0.295	6.9
SE574205-164500	1985-01-01	3.75	6.000	7.998	0.501	0.621	3.007	0.101	18.436	0.296	6.9
SE574205-164500	1985-01-01	4.50	6.000	7.998	0.501	0.621	3.006	0.100	18.437	0.296	6.9
SE574205-164500	1985-01-01	5.50	6.000	7.998	0.501	0.621	3.006	0.100	18.439	0.296	6.9
SE574205-164500	1985-01-01	6.50	6.000	7.998	0.501	0.621	3.006	0.100	18.439	0.296	6.9
SE574205-164500	1985-01-01	7.50	6.000	7.998	0.500	0.621	3.006	0.100	18.438	0.296	6.9
SE574205-164500	1985-01-01	8.50	6.000	7.998	0.501	0.621	3.006	0.100	18.438	0.296	6.9
SE574205-164500	1985-01-01	9.50	6.000	7.998	0.501	0.621	3.007	0.100	18.439	0.296	6.9
SE574205-164500	1985-01-01	32.50	6.000	7.979	0.505	0.625	3.060	0.100	18.479	0.296	6.9
SE574205-164500	1985-01-01	33.00	6.000	7.979	0.505	0.625	3.060	0.100	18.479	0.296	6.9
SE574205-164500	1985-01-02	0.00	6.000	8.037	0.502	0.619	3.030	0.108	18.421	0.286	6.9
SE574205-164500	1985-01-02	0.25	6.000	8.037	0.502	0.619	3.030	0.108	18.421	0.286	6.9
SE574205-164500	1985-01-02	0.75	6.000	8.034	0.502	0.621	3.030	0.108	18.445	0.291	6.9
SE574205-164500	1985-01-02	1.25	6.000	8.032	0.502	0.621	3.029	0.108	18.445	0.291	6.9
SE574205-164500	1985-01-02	1.75	6.000	8.031	0.502	0.621	3.029	0.108	18.444	0.291	6.9
SE574205-164500	1985-01-02	2.25	6.000	8.030	0.502	0.621	3.029	0.107	18.444	0.291	6.9
SE574205-164500	1985-01-02	2.75	6.000	8.029	0.502	0.621	3.029	0.107	18.445	0.291	6.9
SE574205-164500	1985-01-02	3.25	6.000	8.028	0.502	0.621	3.029	0.107	18.445	0.291	6.9
SE574205-164500	1985-01-02	3.75	6.000	8.028	0.502	0.621	3.029	0.107	18.445	0.291	6.9
SE574205-164500	1985-01-02	4.50	6.000	8.027	0.502	0.621	3.029	0.107	18.444	0.291	6.9
SE574205-164500	1985-01-02	5.50	6.000	8.026	0.502	0.621	3.029	0.107	18.445	0.291	6.9
SE574205-164500	1985-01-02	6.50	6.000	8.025	0.502	0.621	3.029	0.107	18.445	0.291	6.9
SE574205-164500	1985-01-02	7.50	6.000	8.024	0.502	0.621	3.029	0.107	18.445	0.291	6.9
SE574205-164500	1985-01-02	8.50	6.000	8.023	0.502	0.621	3.029	0.107	18.445	0.291	6.9
SE574205-164500	1985-01-02	9.50	6.000	8.022	0.502	0.621	3.029	0.106	18.445	0.291	6.9
SE574205-164500	1985-01-02	32.50	6.000	7.947	0.514	0.633	3.154	0.100	18.567	0.285	6.9
SE574205-164500	1985-01-02	33.00	6.000	7.947	0.514	0.633	3.154	0.100	18.567	0.285	6.9
SE574205-164500	1985-01-03	0.00	6.001	8.241	0.504	0.620	3.066	0.114	18.430	0.283	6.9
SE574205-164500	1985-01-03	0.25	6.001	8.241	0.504	0.620	3.066	0.114	18.430	0.283	6.9
SE574205-164500	1985-01-03	0.75	6.001	8.235	0.504	0.622	3.065	0.113	18.453	0.287	6.9
SE574205-164500	1985-01-03	1.25	6.001	8.232	0.504	0.622	3.065	0.113	18.453	0.287	6.9
SE574205-164500	1985-01-03	1.75	6.001	8.230	0.504	0.622	3.065	0.113	18.452	0.287	6.9
SE574205-164500	1985-01-03	2.25	6.001	8.228	0.504	0.622	3.065	0.113	18.452	0.288	6.9
SE574205-164500	1985-01-03	2.75	6.001	8.227	0.504	0.622	3.065	0.113	18.452	0.288	6.9
SE574205-164500	1985-01-03	3.25	6.001	8.226	0.504	0.622	3.065	0.113	18.453	0.288	6.9
SE574205-164500	1985-01-03	3.75	6.001	8.224	0.504	0.622	3.065	0.113	18.453	0.288	6.9
SE574205-164500	1985-01-03	4.50	6.001	8.223	0.504	0.622	3.065	0.113	18.452	0.288	6.9
SE574205-164500	1985-01-03	5.50	6.001	8.221	0.504	0.622	3.065	0.113	18.452	0.288	6.9
SE574205-164500	1985-01-03	6.50	6.001	8.219	0.504	0.622	3.065	0.113	18.452	0.288	6.9
SE574205-164500	1985-01-03	7.50	6.001	8.218	0.504	0.622	3.065	0.113	18.451	0.288	6.9
SE574205-164500	1985-01-03	8.50	6.001	8.216	0.504	0.622	3.065	0.113	18.451	0.288	6.9
SE574205-164500	1985-01-03	9.50	6.002	8.215	0.504	0.622	3.066	0.113	18.451	0.288	6.9
SE574205-164500	1985-01-03	32.50	6.146	8.247	0.504	0.612	3.229	0.139	18.172	0.483	6.9
SE574205-164500	1985-01-03	33.00	6.146	8.247	0.504	0.612	3.229	0.139	18.172	0.483	6.9
SE574205-164500	1985-01-04	0.00	6.051	8.615	0.505	0.618	3.149	0.128	18.355	0.336	6.9
SE574205-164500	1985-01-04	0.25	6.051	8.615	0.505	0.618	3.149	0.128	18.355	0.336	6.9
SE574205-164500	1985-01-04	0.75	6.051	8.610	0.505	0.619	3.148	0.128	18.377	0.342	6.9
SE574205-164500	1985-01-04	1.25	6.051	8.607	0.505	0.619	3.148	0.127	18.377	0.342	6.9
SE574205-164500	1985-01-04	1.75	6.051	8.605	0.505	0.619	3.148	0.127	18.376	0.342	6.9
SE574205-164500	1985-01-04	2.25	6.051	8.603	0.505	0.619	3.148	0.127	18.376	0.342	6.9
SE574205-164500	1985-01-04	2.75	6.051	8.602	0.505	0.619	3.148	0.127	18.376	0.342	6.9
SE574205-164500	1985-01-04	3.25	6.051	8.601	0.505	0.619	3.149	0.127	18.376	0.342	6.9
SE574205-164500	1985-01-04	3.75	6.051	8.600	0.505	0.619	3.149	0.127	18.376	0.342	6.9
SE574205-164500	1985-01-04	4.50	6.051	8.599	0.505	0.619	3.148	0.127	18.376	0.343	6.9
SE574205-164500	1985-01-04	5.50	6.051	8.597	0.505	0.619	3.149	0.127	18.376	0.343	6.9
SE574205-164500	1985-01-04	6.50	6.051	8.596	0.505	0.619	3.149	0.127	18.375	0.343	6.9
SE574205-164500	1985-01-04	7.50	6.052	8.595	0.505	0.619	3.149	0.127	18.375	0.343	6.9
SE574205-164500	1985-01-04	8.50	6.052	8.593	0.505	0.619	3.149	0.127	18.374	0.344	6.9
SE574205-164500	1985-01-04	9.50	6.052	8.592	0.505	0.619	3.150	0.127	18.374	0.344	6.9
SE574205-164500	1985-01-04	32.50	6.244	8.563	0.505	0.606	3.361	0.161	18.008	0.592	6.9
SE574205-164500	1985-01-04	33.00	6.244	8.563	0.505	0.606	3.361	0.161	18.008	0.592	6.9
SE574205-164500	1985-01-05	0.00	6.106	8.895	0.507	0.614	3.236	0.143	18.267	0.392	7.0
SE574205-164500	1985-01-05	0.25	6.106	8.895	0.507	0.614	3.236	0.143	18.267	0.392	7.0
SE574205-164500	1985-01-05	0.75	6.106	8.891	0.507	0.616	3.235	0.143	18.289	0.399	7.0
SE574205-164500	1985-01-05	1.25	6.106	8.889	0.507	0.616	3.235	0.143	18.289	0.399	7.0
SE574205-164500	1985-01-05	1.75	6.106	8.887	0.507	0.616	3.235	0.143	18.288	0.399	7.0
SE574205-164500	1985-01-05	2.25	6.106	8.886	0.507	0.616	3.235	0.143	18.288	0.399	7.0
SE574205-164500	1985-01-05	2.75	6.106	8.885	0.507	0.616	3.235	0.143	18.288	0.399	7.0
SE574205-164500	1985-01-05	3.25	6.106	8.884	0.507	0.616	3.236	0.142	18.288	0.399	7.0
SE574205-164500	1985-01-05	3.75	6.106	8.883	0.507	0.616	3.236	0.142	18.288	0.399	7.0
SE574205-164500	1985-01-05	4.50	6.107	8.882	0.507	0.616	3.235	0.142	18.287	0.399	7.0
SE574205-164500	1985-01-05	5.50	6.107	8.880	0.507	0.616	3.236	0.142	18.287	0.400	7.0
SE574205-164500	1985-01-05	6.50	6.107	8.879	0.507	0.616	3.236	0.142	18.287	0.400	7.0
SE574205-164500	1985-01-05	7.50	6.108	8.877	0.507	0.616	3.236	0.142	18.285	0.401	7.0
SE574205-164500	1985-01-05	8.50	6.108	8.875	0.507	0.616	3.237	0.142	18.284	0.401	7.0
SE574205-164500	1985-01-05	9.50	6.109	8.873	0.507	0.616	3.238	0.143	18.283	0.402	7.0
SE574205-164500	1985-01-05	32.50	6.313	8.771	0.506	0.602	3.455	0.174	17.915	0.652	7.0
SE574205-164500	1985-01-05	33.00	6.313	8.771	0.506	0.602	3.455	0.174	17.915	0.652	7.0
SE574205-164500	1985-01-06	0.00	6.134	8.966	0.508	0.612	3.292	0.156	18.231	0.415	7.0
SE574205-164500	1985-01-06	0.25	6.134	8.966	0.508	0.612	3.292	0.156	18.231	0.415	7.0
SE574205-164500	1985-01-06	0.75	6.134	8.965	0.508	0.613	3.292	0.155	18.250	0.423	7.0
SE574205-164500	1985-01-06	1.25	6.135	8.965	0.508	0.613	3.291	0.155	18.250	0.423	7.0
SE574205-164500	1985-01-06	1.75	6.135	8.964	0.508	0.613	3.291	0.155	18.249	0.423	7.0
SE574205-164500	1985-01-06	2.25	6.135	8.964	0.508	0.613	3.291	0.155	18.249	0.423	7.0
SE574205-164500	1985-01-06	2.75	6.135	8.963	0.508	0.613	3.291	0.155	18.248	0.423	7.0
SE574205-164500	1985-01-06	3.25	6.135	8.963	0.508	0.613	3.292	0.154	18.248	0.424	7.0
SE574205-164500	1985-01-06	3.75	6.135	8.962	0.508	0.613	3.292	0.154	18.247	0.424	7.0
SE574205-164500	1985-01-06	4.50	6.136	8.960	0.508	0.613	3.292	0.154	18.246	0.425	7.0
SE574205-164500	1985-01-06	5.50	6.139	8.955	0.508	0.613	3.295	0.154	18.240	0.428	7.0
SE574205-164500	1985-01-06	6.50	6.152	8.938	0.508	0.613	3.308	0.154	18.216	0.443	7.0
SE574205-164500	1985-01-06	7.50	6.194	8.875	0.508	0.610	3.350	0.156	18.137	0.486	7.0
SE574205-164500	1985-01-06	8.50	6.232	8.824	0.508	0.608	3.391	0.160	18.071	0.525	7.0
SE574205-164500	1985-01-06	9.50	6.265	8.782	0.509	0.607	3.428	0.165	18.015	0.562	7.0
SE574205-164500	1985-01-06	32.50	6.372	8.810	0.508	0.599	3.535	0.182	17.857	0.693	7.0
SE574205-164500	1985-01-06	33.00	6.372	8.810	0.508	0.599	3.535	0.182	17.857	0.693	7.0
SE574205-164500	1985-01-07	0.00	6.225	9.086	0.509	0.607	3.409	0.169	18.080	0.497	7.1
SE574205-164500	1985-01-07	0.25	6.225	9.086	0.509	0.607	3.409	0.169	18.080	0.497	7.1
SE574205-164500	1985-01-07	0.75	6.225	9.082	0.509	0.608	3.409	0.169	18.104	0.506	7.1
SE574205-164500	1985-01-07	1.25	6.226	9.080	0.509	0.608	3.409	0.169	18.103	0.506	7.1
SE574205-164500	1985-01-07	1.75	6.226	9.079	0.509	0.608	3.409	0.169	18.103	0.506	7.1
SE574205-164500	1985-01-07	2.25	6.226	9.077	0.509	0.608	3.409	0.169	18.103	0.506	7.1
SE574205-164500	1985-01-07	2.75	6.226	9.076	0.509	0.608	3.409	0.169	18.103	0.506	7.1
SE574205-164500	1985-01-07	3.25	6.226	9.075	0.509	0.608	3.409	0.169	18.103	0.506	7.1
SE574205-164500	1985-01-07	3.75	6.226	9.074	0.509	0.608	3.409	0.169	18.103	0.506	7.1
SE574205-164500	1985-01-07	4.50	6.226	9.073	0.509	0.608	3.409	0.169	18.102	0.507	7.1
SE574205-164500	1985-01-07	5.50	6.226	9.071	0.509	0.608	3.410	0.169	18.102	0.507	7.1
SE574205-164500	1985-01-07	6.50	6.227	9.069	0.509	0.608	3.410	0.169	18.101	0.507	7.1
SE574205-164500	1985-01-07	7.50	6.227	9.067	0.509	0.608	3.410	0.169	18.100	0.508	7.1
SE574205-164500	1985-01-07	8.50	6.228	9.065	0.509	0.608	3.411	0.169	18.099	0.509	7.1
SE574205-164500	1985-01-07	9.50	6.229	9.062	0.509	0.608	3.412	0.169	18.097	0.510	7.1
SE574205-164500	1985-01-07	32.50	6.421	8.763	0.515	0.602	3.651	0.187	17.856	0.709	7.1
SE574205-164500	1985-01-07	33.00	6.421	8.763	0.515	0.602	3.651	0.187	17.856	0.709	7.1
SE574205-164500	1985-01-08	0.00	6.257	9.177	0.510	0.604	3.465	0.178	18.042	0.512	7.1
SE574205-164500	1985-01-08	0.25	6.257	9.177	0.510	0.604	3.465	0.178	18.042	0.512	7.1
SE574205-164500	1985-01-08	0.75	6.257	9.174	0.510	0.606	3.465	0.178	18.065	0.520	7.1
SE574205-164500	1985-01-08	1.25	6.257	9.173	0.510	0.606	3.464	0.178	18.065	0.520	7.1
SE574205-164500	1985-01-08	1.75	6.258	9.172	0.510	0.606	3.464	0.178	18.064	0.520	7.1
SE574205-164500	1985-01-08	2.25	6.258	9.171	0.510	0.606	3.464	0.178	18.064	0.520	7.1
SE574205-164500	1985-01-08	2.75	6.258	9.170	0.510	0.606	3.465	0.178	18.064	0.521	7.1
SE574205-164500	1985-01-08	3.25	6.258	9.169	0.510	0.606	3.465	0.178	18.064	0.521	7.1
SE574205-164500	1985-01-08	3.75	6.258	9.168	0.510	0.606	3.465	0.178	18.064	0.521	7.1
SE574205-164500	1985-01-08	4.50	6.258	9.167	0.510	0.606	3.464	0.178	18.063	0.521	7.1
SE574205-164500	1985-01-08	5.50	6.258	9.164	0.510	0.606	3.465	0.178	18.063	0.521	7.1
SE574205-164500	1985-01-08	6.50	6.259	9.161	0.510	0.606	3.466	0.177	18.062	0.522	7.1
SE574205-164500	1985-01-08	7.50	6.261	9.156	0.510	0.606	3.467	0.177	18.059	0.524	7.1
SE574205-164500	1985-01-08	8.50	6.265	9.142	0.510	0.606	3.471	0.177	18.052	0.528	7.1
SE574205-164500	1985-01-08	9.50	6.287	9.081	0.511	0.605	3.492	0.177	18.019	0.549	7.1
SE574205-164500	1985-01-08	32.50	6.424	8.791	0.520	0.606	3.712	0.187	17.910	0.679	7.1
SE574205-164500	1985-01-08	33.00	6.424	8.791	0.520	0.606	3.712	0.187	17.910	0.679	7.1
