EUCD	YYYY-MM-DD	Djup(m)	Salt (psu o/oo)	O2 (ml/l)	PO4 (µmol/l)	TotP (µmol/l)	NO3 (µmol/l)	NH4 (µmol/l)	TotN (µmol/l)	Chla (ug/l)	Siktdjup (m)
SE570730-163715	1985-01-01	0.00	6.000	8.004	0.500	0.618	3.015	0.109	18.404	0.287	6.9
SE570730-163715	1985-01-01	0.25	6.000	8.004	0.500	0.618	3.015	0.109	18.404	0.287	6.9
SE570730-163715	1985-01-01	0.75	6.000	8.003	0.501	0.620	3.014	0.108	18.428	0.291	6.9
SE570730-163715	1985-01-01	1.25	6.000	8.002	0.501	0.620	3.013	0.107	18.427	0.292	6.9
SE570730-163715	1985-01-01	1.75	6.000	8.002	0.501	0.620	3.012	0.106	18.428	0.292	6.9
SE570730-163715	1985-01-01	2.25	6.000	8.001	0.501	0.620	3.012	0.105	18.429	0.293	6.9
SE570730-163715	1985-01-01	2.75	6.000	8.000	0.501	0.620	3.011	0.104	18.431	0.294	6.9
SE570730-163715	1985-01-01	3.25	6.000	7.998	0.501	0.621	3.010	0.102	18.436	0.295	6.9
SE570730-163715	1985-01-01	3.75	6.000	7.997	0.501	0.621	3.011	0.101	18.440	0.296	6.9
SE570730-163715	1985-01-01	4.50	6.000	7.996	0.501	0.622	3.011	0.100	18.442	0.296	6.9
SE570730-163715	1985-01-01	5.50	6.000	7.996	0.501	0.622	3.012	0.100	18.444	0.296	6.9
SE570730-163715	1985-01-01	6.50	6.000	7.995	0.501	0.622	3.013	0.100	18.446	0.296	6.9
SE570730-163715	1985-01-01	7.50	6.000	7.995	0.501	0.622	3.015	0.100	18.448	0.296	6.9
SE570730-163715	1985-01-01	8.50	6.000	7.994	0.502	0.622	3.018	0.100	18.451	0.296	6.9
SE570730-163715	1985-01-01	9.50	6.000	7.993	0.502	0.623	3.021	0.100	18.454	0.296	6.9
SE570730-163715	1985-01-01	18.50	6.000	7.977	0.506	0.626	3.066	0.100	18.485	0.296	6.9
SE570730-163715	1985-01-01	19.00	6.000	7.977	0.506	0.626	3.066	0.100	18.485	0.296	6.9
SE570730-163715	1985-01-02	0.00	6.000	8.063	0.503	0.621	3.050	0.111	18.438	0.290	6.9
SE570730-163715	1985-01-02	0.25	6.000	8.063	0.503	0.621	3.050	0.111	18.438	0.290	6.9
SE570730-163715	1985-01-02	0.75	6.000	8.059	0.503	0.622	3.050	0.111	18.461	0.295	6.9
SE570730-163715	1985-01-02	1.25	6.000	8.057	0.503	0.622	3.050	0.110	18.461	0.295	6.9
SE570730-163715	1985-01-02	1.75	6.000	8.056	0.503	0.622	3.050	0.110	18.461	0.295	6.9
SE570730-163715	1985-01-02	2.25	6.000	8.054	0.503	0.622	3.050	0.110	18.461	0.295	6.9
SE570730-163715	1985-01-02	2.75	6.000	8.054	0.503	0.622	3.050	0.110	18.461	0.295	6.9
SE570730-163715	1985-01-02	3.25	6.000	8.053	0.503	0.622	3.050	0.110	18.462	0.295	6.9
SE570730-163715	1985-01-02	3.75	6.000	8.052	0.503	0.622	3.051	0.110	18.462	0.295	6.9
SE570730-163715	1985-01-02	4.50	6.000	8.051	0.503	0.622	3.050	0.110	18.462	0.295	6.9
SE570730-163715	1985-01-02	5.50	6.000	8.050	0.503	0.622	3.050	0.110	18.462	0.295	6.9
SE570730-163715	1985-01-02	6.50	6.000	8.050	0.503	0.622	3.051	0.110	18.462	0.295	6.9
SE570730-163715	1985-01-02	7.50	6.000	8.049	0.504	0.622	3.051	0.110	18.463	0.295	6.9
SE570730-163715	1985-01-02	8.50	6.000	8.048	0.504	0.622	3.052	0.110	18.463	0.295	6.9
SE570730-163715	1985-01-02	9.50	6.000	8.047	0.504	0.622	3.052	0.110	18.464	0.295	6.9
SE570730-163715	1985-01-02	18.50	6.000	8.040	0.505	0.623	3.063	0.110	18.471	0.295	6.9
SE570730-163715	1985-01-02	19.00	6.000	8.040	0.505	0.623	3.063	0.110	18.471	0.295	6.9
SE570730-163715	1985-01-03	0.00	6.017	8.369	0.505	0.621	3.081	0.116	18.422	0.298	6.9
SE570730-163715	1985-01-03	0.25	6.017	8.369	0.505	0.621	3.081	0.116	18.422	0.298	6.9
SE570730-163715	1985-01-03	0.75	6.017	8.363	0.505	0.623	3.081	0.115	18.445	0.303	6.9
SE570730-163715	1985-01-03	1.25	6.017	8.360	0.505	0.623	3.081	0.115	18.445	0.303	6.9
SE570730-163715	1985-01-03	1.75	6.017	8.358	0.505	0.623	3.081	0.115	18.445	0.303	6.9
SE570730-163715	1985-01-03	2.25	6.017	8.357	0.505	0.623	3.081	0.115	18.445	0.303	6.9
SE570730-163715	1985-01-03	2.75	6.017	8.355	0.505	0.623	3.081	0.115	18.445	0.303	6.9
SE570730-163715	1985-01-03	3.25	6.017	8.354	0.505	0.623	3.081	0.115	18.445	0.304	6.9
SE570730-163715	1985-01-03	3.75	6.017	8.352	0.505	0.623	3.082	0.115	18.445	0.304	6.9
SE570730-163715	1985-01-03	4.50	6.017	8.351	0.505	0.623	3.081	0.115	18.445	0.304	6.9
SE570730-163715	1985-01-03	5.50	6.018	8.349	0.505	0.623	3.081	0.115	18.444	0.304	6.9
SE570730-163715	1985-01-03	6.50	6.018	8.346	0.505	0.623	3.082	0.115	18.444	0.304	6.9
SE570730-163715	1985-01-03	7.50	6.018	8.344	0.505	0.623	3.082	0.115	18.444	0.304	6.9
SE570730-163715	1985-01-03	8.50	6.018	8.340	0.506	0.623	3.082	0.115	18.443	0.304	6.9
SE570730-163715	1985-01-03	9.50	6.019	8.335	0.506	0.623	3.083	0.115	18.443	0.305	6.9
SE570730-163715	1985-01-03	18.50	6.054	8.143	0.506	0.623	3.083	0.109	18.364	0.332	6.9
SE570730-163715	1985-01-03	19.00	6.054	8.143	0.506	0.623	3.083	0.109	18.364	0.332	6.9
SE570730-163715	1985-01-04	0.00	6.061	8.734	0.508	0.622	3.124	0.120	18.355	0.327	6.9
SE570730-163715	1985-01-04	0.25	6.061	8.734	0.508	0.622	3.124	0.120	18.355	0.327	6.9
SE570730-163715	1985-01-04	0.75	6.061	8.729	0.508	0.623	3.124	0.120	18.379	0.333	6.9
SE570730-163715	1985-01-04	1.25	6.061	8.726	0.508	0.623	3.124	0.120	18.379	0.333	6.9
SE570730-163715	1985-01-04	1.75	6.061	8.724	0.508	0.623	3.124	0.120	18.379	0.333	6.9
SE570730-163715	1985-01-04	2.25	6.061	8.723	0.508	0.623	3.124	0.120	18.379	0.333	6.9
SE570730-163715	1985-01-04	2.75	6.061	8.722	0.508	0.623	3.124	0.120	18.379	0.333	6.9
SE570730-163715	1985-01-04	3.25	6.061	8.721	0.508	0.623	3.125	0.120	18.379	0.333	6.9
SE570730-163715	1985-01-04	3.75	6.061	8.720	0.508	0.623	3.125	0.120	18.380	0.333	6.9
SE570730-163715	1985-01-04	4.50	6.061	8.719	0.508	0.623	3.125	0.120	18.379	0.333	6.9
SE570730-163715	1985-01-04	5.50	6.061	8.717	0.508	0.623	3.125	0.120	18.379	0.333	6.9
SE570730-163715	1985-01-04	6.50	6.061	8.716	0.508	0.623	3.125	0.120	18.379	0.333	6.9
SE570730-163715	1985-01-04	7.50	6.061	8.714	0.508	0.623	3.125	0.120	18.379	0.334	6.9
SE570730-163715	1985-01-04	8.50	6.061	8.712	0.508	0.623	3.126	0.120	18.379	0.334	6.9
SE570730-163715	1985-01-04	9.50	6.062	8.710	0.508	0.623	3.127	0.120	18.379	0.334	6.9
SE570730-163715	1985-01-04	18.50	6.104	8.378	0.509	0.623	3.140	0.116	18.297	0.368	6.9
SE570730-163715	1985-01-04	19.00	6.104	8.378	0.509	0.623	3.140	0.116	18.297	0.368	6.9
SE570730-163715	1985-01-05	0.00	6.107	8.878	0.511	0.622	3.174	0.126	18.290	0.358	6.9
SE570730-163715	1985-01-05	0.25	6.107	8.878	0.511	0.622	3.174	0.126	18.290	0.358	6.9
SE570730-163715	1985-01-05	0.75	6.107	8.874	0.511	0.623	3.174	0.126	18.315	0.364	6.9
SE570730-163715	1985-01-05	1.25	6.107	8.872	0.511	0.623	3.174	0.126	18.315	0.364	6.9
SE570730-163715	1985-01-05	1.75	6.107	8.870	0.511	0.623	3.174	0.126	18.315	0.364	6.9
SE570730-163715	1985-01-05	2.25	6.107	8.869	0.511	0.623	3.174	0.126	18.315	0.364	6.9
SE570730-163715	1985-01-05	2.75	6.107	8.868	0.511	0.623	3.174	0.126	18.315	0.364	6.9
SE570730-163715	1985-01-05	3.25	6.107	8.866	0.511	0.623	3.174	0.126	18.315	0.364	6.9
SE570730-163715	1985-01-05	3.75	6.107	8.865	0.511	0.623	3.175	0.126	18.315	0.364	6.9
SE570730-163715	1985-01-05	4.50	6.107	8.864	0.511	0.623	3.174	0.125	18.315	0.364	6.9
SE570730-163715	1985-01-05	5.50	6.108	8.862	0.511	0.623	3.174	0.125	18.314	0.364	6.9
SE570730-163715	1985-01-05	6.50	6.108	8.860	0.511	0.623	3.175	0.125	18.314	0.364	6.9
SE570730-163715	1985-01-05	7.50	6.108	8.857	0.511	0.623	3.175	0.125	18.314	0.364	6.9
SE570730-163715	1985-01-05	8.50	6.108	8.854	0.511	0.624	3.176	0.125	18.314	0.365	6.9
SE570730-163715	1985-01-05	9.50	6.109	8.849	0.511	0.624	3.176	0.125	18.314	0.365	6.9
SE570730-163715	1985-01-05	18.50	6.149	8.558	0.513	0.623	3.191	0.122	18.244	0.396	6.9
SE570730-163715	1985-01-05	19.00	6.149	8.558	0.513	0.623	3.191	0.122	18.244	0.396	6.9
SE570730-163715	1985-01-06	0.00	6.140	8.831	0.514	0.622	3.218	0.133	18.254	0.377	7.0
SE570730-163715	1985-01-06	0.25	6.140	8.831	0.514	0.622	3.218	0.133	18.254	0.377	7.0
SE570730-163715	1985-01-06	0.75	6.140	8.829	0.514	0.623	3.218	0.133	18.277	0.384	7.0
SE570730-163715	1985-01-06	1.25	6.140	8.828	0.514	0.623	3.218	0.132	18.276	0.384	7.0
SE570730-163715	1985-01-06	1.75	6.140	8.826	0.514	0.623	3.218	0.132	18.276	0.384	7.0
SE570730-163715	1985-01-06	2.25	6.141	8.825	0.514	0.623	3.218	0.132	18.276	0.384	7.0
SE570730-163715	1985-01-06	2.75	6.141	8.823	0.514	0.623	3.218	0.132	18.276	0.385	7.0
SE570730-163715	1985-01-06	3.25	6.141	8.820	0.514	0.624	3.218	0.132	18.275	0.385	7.0
SE570730-163715	1985-01-06	3.75	6.142	8.816	0.514	0.624	3.219	0.131	18.275	0.385	7.0
SE570730-163715	1985-01-06	4.50	6.143	8.807	0.514	0.624	3.219	0.131	18.273	0.386	7.0
SE570730-163715	1985-01-06	5.50	6.148	8.774	0.514	0.624	3.221	0.129	18.266	0.390	7.0
SE570730-163715	1985-01-06	6.50	6.163	8.687	0.515	0.624	3.227	0.126	18.245	0.401	7.0
SE570730-163715	1985-01-06	7.50	6.175	8.633	0.515	0.625	3.231	0.125	18.230	0.409	7.0
SE570730-163715	1985-01-06	8.50	6.179	8.627	0.515	0.624	3.231	0.126	18.226	0.411	7.0
SE570730-163715	1985-01-06	9.50	6.180	8.629	0.515	0.624	3.231	0.126	18.221	0.413	7.0
SE570730-163715	1985-01-06	18.50	6.187	8.624	0.515	0.624	3.234	0.126	18.206	0.418	7.0
SE570730-163715	1985-01-06	19.00	6.187	8.624	0.515	0.624	3.234	0.126	18.206	0.418	7.0
SE570730-163715	1985-01-07	0.00	6.188	8.949	0.517	0.622	3.263	0.135	18.198	0.403	7.0
SE570730-163715	1985-01-07	0.25	6.188	8.949	0.517	0.622	3.263	0.135	18.198	0.403	7.0
SE570730-163715	1985-01-07	0.75	6.188	8.945	0.517	0.624	3.263	0.135	18.224	0.410	7.0
SE570730-163715	1985-01-07	1.25	6.188	8.942	0.517	0.624	3.263	0.135	18.224	0.410	7.0
SE570730-163715	1985-01-07	1.75	6.188	8.941	0.517	0.624	3.263	0.135	18.224	0.410	7.0
SE570730-163715	1985-01-07	2.25	6.188	8.939	0.517	0.624	3.263	0.135	18.224	0.410	7.0
SE570730-163715	1985-01-07	2.75	6.188	8.938	0.517	0.624	3.263	0.135	18.224	0.410	7.0
SE570730-163715	1985-01-07	3.25	6.188	8.938	0.517	0.624	3.263	0.135	18.224	0.410	7.0
SE570730-163715	1985-01-07	3.75	6.188	8.936	0.517	0.624	3.264	0.135	18.225	0.410	7.0
SE570730-163715	1985-01-07	4.50	6.188	8.936	0.517	0.624	3.263	0.135	18.224	0.410	7.0
SE570730-163715	1985-01-07	5.50	6.188	8.934	0.517	0.624	3.264	0.135	18.224	0.410	7.0
SE570730-163715	1985-01-07	6.50	6.188	8.933	0.517	0.624	3.264	0.135	18.224	0.410	7.0
SE570730-163715	1985-01-07	7.50	6.188	8.931	0.517	0.624	3.264	0.135	18.224	0.410	7.0
SE570730-163715	1985-01-07	8.50	6.189	8.929	0.517	0.624	3.264	0.135	18.225	0.411	7.0
SE570730-163715	1985-01-07	9.50	6.189	8.927	0.517	0.624	3.265	0.134	18.225	0.411	7.0
SE570730-163715	1985-01-07	18.50	6.223	8.720	0.518	0.624	3.278	0.130	18.179	0.431	7.0
SE570730-163715	1985-01-07	19.00	6.223	8.720	0.518	0.624	3.278	0.130	18.179	0.431	7.0
SE570730-163715	1985-01-08	0.00	6.222	8.990	0.520	0.623	3.307	0.140	18.170	0.414	7.0
SE570730-163715	1985-01-08	0.25	6.222	8.990	0.520	0.623	3.307	0.140	18.170	0.414	7.0
SE570730-163715	1985-01-08	0.75	6.222	8.987	0.520	0.624	3.307	0.140	18.196	0.421	7.0
SE570730-163715	1985-01-08	1.25	6.222	8.985	0.520	0.624	3.307	0.140	18.196	0.421	7.0
SE570730-163715	1985-01-08	1.75	6.222	8.983	0.520	0.624	3.307	0.140	18.196	0.421	7.0
SE570730-163715	1985-01-08	2.25	6.222	8.982	0.520	0.624	3.307	0.139	18.196	0.421	7.0
SE570730-163715	1985-01-08	2.75	6.222	8.980	0.520	0.624	3.307	0.139	18.196	0.421	7.0
SE570730-163715	1985-01-08	3.25	6.222	8.979	0.520	0.624	3.307	0.139	18.196	0.421	7.0
SE570730-163715	1985-01-08	3.75	6.222	8.977	0.520	0.624	3.308	0.139	18.196	0.421	7.0
SE570730-163715	1985-01-08	4.50	6.223	8.975	0.520	0.624	3.307	0.139	18.195	0.421	7.0
SE570730-163715	1985-01-08	5.50	6.223	8.971	0.520	0.624	3.308	0.139	18.195	0.422	7.0
SE570730-163715	1985-01-08	6.50	6.224	8.965	0.520	0.624	3.308	0.139	18.194	0.422	7.0
SE570730-163715	1985-01-08	7.50	6.225	8.954	0.520	0.624	3.308	0.138	18.193	0.423	7.0
SE570730-163715	1985-01-08	8.50	6.229	8.932	0.520	0.625	3.310	0.138	18.190	0.425	7.0
SE570730-163715	1985-01-08	9.50	6.237	8.884	0.520	0.625	3.311	0.136	18.181	0.430	7.0
SE570730-163715	1985-01-08	18.50	6.256	8.795	0.521	0.625	3.318	0.134	18.156	0.442	7.0
SE570730-163715	1985-01-08	19.00	6.256	8.795	0.521	0.625	3.318	0.134	18.156	0.442	7.0
