EUCD	YYYY-MM-DD	Djup(m)	Salt (psu o/oo)	O2 (ml/l)	PO4 (µmol/l)	TotP (µmol/l)	NO3 (µmol/l)	NH4 (µmol/l)	TotN (µmol/l)	Chla (ug/l)	Siktdjup (m)
SE563100-161500	1985-01-01	0.00	6.000	8.003	0.501	0.619	3.013	0.107	18.412	0.289	6.8
SE563100-161500	1985-01-01	0.25	6.000	8.003	0.501	0.619	3.013	0.107	18.412	0.289	6.8
SE563100-161500	1985-01-01	0.75	6.000	8.002	0.501	0.620	3.012	0.106	18.437	0.294	6.8
SE563100-161500	1985-01-01	1.25	6.000	8.002	0.501	0.620	3.011	0.106	18.437	0.294	6.8
SE563100-161500	1985-01-01	1.75	6.000	8.002	0.501	0.621	3.011	0.105	18.436	0.294	6.8
SE563100-161500	1985-01-01	2.25	6.000	8.001	0.501	0.621	3.011	0.105	18.436	0.294	6.8
SE563100-161500	1985-01-01	2.75	6.000	8.001	0.501	0.621	3.011	0.105	18.436	0.294	6.8
SE563100-161500	1985-01-01	3.25	6.000	8.001	0.501	0.621	3.011	0.104	18.436	0.294	6.8
SE563100-161500	1985-01-01	3.75	6.000	8.000	0.501	0.621	3.011	0.104	18.437	0.294	6.8
SE563100-161500	1985-01-01	4.50	6.000	8.000	0.501	0.621	3.011	0.104	18.437	0.295	6.8
SE563100-161500	1985-01-01	5.50	6.000	8.000	0.501	0.621	3.011	0.103	18.438	0.295	6.8
SE563100-161500	1985-01-01	6.50	6.000	7.999	0.501	0.621	3.011	0.103	18.439	0.295	6.8
SE563100-161500	1985-01-01	7.50	6.000	7.998	0.501	0.621	3.012	0.102	18.440	0.295	6.8
SE563100-161500	1985-01-01	8.50	6.000	7.997	0.501	0.622	3.013	0.101	18.443	0.296	6.8
SE563100-161500	1985-01-01	9.50	6.000	7.995	0.501	0.622	3.016	0.100	18.448	0.296	6.8
SE563100-161500	1985-01-01	15.50	6.000	7.977	0.506	0.626	3.067	0.100	18.487	0.296	6.8
SE563100-161500	1985-01-01	16.00	6.000	7.977	0.506	0.626	3.067	0.100	18.487	0.296	6.8
SE563100-161500	1985-01-02	0.00	6.000	8.006	0.502	0.620	3.042	0.116	18.438	0.292	6.9
SE563100-161500	1985-01-02	0.25	6.000	8.006	0.502	0.620	3.042	0.116	18.438	0.292	6.9
SE563100-161500	1985-01-02	0.75	6.000	8.005	0.502	0.621	3.042	0.115	18.461	0.297	6.9
SE563100-161500	1985-01-02	1.25	6.000	8.004	0.502	0.621	3.042	0.115	18.460	0.297	6.9
SE563100-161500	1985-01-02	1.75	6.000	8.004	0.502	0.621	3.042	0.115	18.460	0.297	6.9
SE563100-161500	1985-01-02	2.25	6.000	8.003	0.502	0.621	3.042	0.114	18.460	0.297	6.9
SE563100-161500	1985-01-02	2.75	6.000	8.003	0.502	0.621	3.042	0.114	18.460	0.297	6.9
SE563100-161500	1985-01-02	3.25	6.000	8.003	0.502	0.621	3.042	0.114	18.460	0.297	6.9
SE563100-161500	1985-01-02	3.75	6.000	8.002	0.502	0.621	3.042	0.114	18.461	0.297	6.9
SE563100-161500	1985-01-02	4.50	6.000	8.002	0.502	0.621	3.042	0.114	18.461	0.297	6.9
SE563100-161500	1985-01-02	5.50	6.000	8.001	0.502	0.622	3.043	0.113	18.462	0.297	6.9
SE563100-161500	1985-01-02	6.50	6.000	8.000	0.503	0.622	3.044	0.113	18.463	0.297	6.9
SE563100-161500	1985-01-02	7.50	6.000	8.000	0.503	0.622	3.045	0.113	18.464	0.297	6.9
SE563100-161500	1985-01-02	8.50	6.000	7.998	0.503	0.622	3.047	0.112	18.466	0.297	6.9
SE563100-161500	1985-01-02	9.50	6.000	7.997	0.503	0.622	3.049	0.112	18.469	0.297	6.9
SE563100-161500	1985-01-02	15.50	6.000	7.943	0.515	0.635	3.169	0.101	18.583	0.288	6.9
SE563100-161500	1985-01-02	16.00	6.000	7.943	0.515	0.635	3.169	0.101	18.583	0.288	6.9
SE563100-161500	1985-01-03	0.00	6.004	8.296	0.505	0.622	3.115	0.127	18.510	0.299	6.9
SE563100-161500	1985-01-03	0.25	6.004	8.296	0.505	0.622	3.115	0.127	18.510	0.299	6.9
SE563100-161500	1985-01-03	0.75	6.004	8.290	0.505	0.623	3.115	0.127	18.531	0.304	6.9
SE563100-161500	1985-01-03	1.25	6.004	8.287	0.505	0.623	3.114	0.127	18.531	0.304	6.9
SE563100-161500	1985-01-03	1.75	6.004	8.285	0.505	0.623	3.114	0.127	18.530	0.304	6.9
SE563100-161500	1985-01-03	2.25	6.004	8.283	0.505	0.623	3.114	0.127	18.530	0.304	6.9
SE563100-161500	1985-01-03	2.75	6.004	8.282	0.505	0.623	3.114	0.127	18.530	0.304	6.9
SE563100-161500	1985-01-03	3.25	6.004	8.281	0.505	0.623	3.114	0.127	18.530	0.304	6.9
SE563100-161500	1985-01-03	3.75	6.004	8.279	0.505	0.623	3.115	0.127	18.530	0.304	6.9
SE563100-161500	1985-01-03	4.50	6.004	8.278	0.505	0.623	3.114	0.126	18.530	0.304	6.9
SE563100-161500	1985-01-03	5.50	6.004	8.276	0.505	0.623	3.115	0.126	18.530	0.304	6.9
SE563100-161500	1985-01-03	6.50	6.004	8.275	0.506	0.624	3.115	0.126	18.530	0.304	6.9
SE563100-161500	1985-01-03	7.50	6.004	8.274	0.506	0.624	3.115	0.126	18.530	0.305	6.9
SE563100-161500	1985-01-03	8.50	6.004	8.272	0.506	0.624	3.115	0.126	18.529	0.305	6.9
SE563100-161500	1985-01-03	9.50	6.004	8.271	0.506	0.624	3.116	0.126	18.529	0.305	6.9
SE563100-161500	1985-01-03	15.50	6.102	8.129	0.510	0.625	3.119	0.116	18.302	0.377	6.9
SE563100-161500	1985-01-03	16.00	6.102	8.129	0.510	0.625	3.119	0.116	18.302	0.377	6.9
SE563100-161500	1985-01-04	0.00	6.027	8.723	0.509	0.624	3.187	0.139	18.537	0.318	6.9
SE563100-161500	1985-01-04	0.25	6.027	8.723	0.509	0.624	3.187	0.139	18.537	0.318	6.9
SE563100-161500	1985-01-04	0.75	6.027	8.718	0.509	0.625	3.187	0.139	18.557	0.324	6.9
SE563100-161500	1985-01-04	1.25	6.027	8.715	0.509	0.625	3.186	0.139	18.556	0.324	6.9
SE563100-161500	1985-01-04	1.75	6.027	8.713	0.509	0.625	3.186	0.139	18.556	0.324	6.9
SE563100-161500	1985-01-04	2.25	6.027	8.712	0.509	0.625	3.186	0.139	18.556	0.324	6.9
SE563100-161500	1985-01-04	2.75	6.027	8.710	0.509	0.625	3.186	0.139	18.556	0.324	6.9
SE563100-161500	1985-01-04	3.25	6.028	8.709	0.509	0.625	3.186	0.138	18.555	0.324	6.9
SE563100-161500	1985-01-04	3.75	6.028	8.708	0.509	0.625	3.186	0.138	18.556	0.324	6.9
SE563100-161500	1985-01-04	4.50	6.028	8.707	0.509	0.625	3.186	0.138	18.555	0.324	6.9
SE563100-161500	1985-01-04	5.50	6.028	8.705	0.509	0.625	3.186	0.138	18.555	0.324	6.9
SE563100-161500	1985-01-04	6.50	6.028	8.704	0.509	0.625	3.187	0.138	18.555	0.325	6.9
SE563100-161500	1985-01-04	7.50	6.028	8.702	0.509	0.625	3.187	0.138	18.554	0.325	6.9
SE563100-161500	1985-01-04	8.50	6.028	8.701	0.509	0.625	3.187	0.138	18.554	0.325	6.9
SE563100-161500	1985-01-04	9.50	6.029	8.699	0.509	0.625	3.187	0.138	18.553	0.325	6.9
SE563100-161500	1985-01-04	15.50	6.186	8.289	0.518	0.629	3.204	0.124	18.204	0.436	6.9
SE563100-161500	1985-01-04	16.00	6.186	8.289	0.518	0.629	3.204	0.124	18.204	0.436	6.9
SE563100-161500	1985-01-05	0.00	6.063	9.028	0.513	0.626	3.263	0.151	18.540	0.339	6.9
SE563100-161500	1985-01-05	0.25	6.063	9.028	0.513	0.626	3.263	0.151	18.540	0.339	6.9
SE563100-161500	1985-01-05	0.75	6.063	9.024	0.513	0.627	3.263	0.151	18.560	0.346	6.9
SE563100-161500	1985-01-05	1.25	6.063	9.022	0.513	0.627	3.263	0.150	18.559	0.346	6.9
SE563100-161500	1985-01-05	1.75	6.064	9.020	0.513	0.627	3.262	0.150	18.559	0.346	6.9
SE563100-161500	1985-01-05	2.25	6.064	9.019	0.513	0.627	3.262	0.150	18.558	0.346	6.9
SE563100-161500	1985-01-05	2.75	6.064	9.018	0.513	0.627	3.262	0.150	18.558	0.346	6.9
SE563100-161500	1985-01-05	3.25	6.064	9.017	0.513	0.627	3.262	0.150	18.558	0.346	6.9
SE563100-161500	1985-01-05	3.75	6.064	9.015	0.513	0.627	3.263	0.150	18.558	0.346	6.9
SE563100-161500	1985-01-05	4.50	6.064	9.014	0.513	0.627	3.262	0.150	18.557	0.346	6.9
SE563100-161500	1985-01-05	5.50	6.064	9.012	0.513	0.627	3.263	0.150	18.556	0.346	6.9
SE563100-161500	1985-01-05	6.50	6.065	9.010	0.514	0.627	3.263	0.150	18.556	0.346	6.9
SE563100-161500	1985-01-05	7.50	6.065	9.008	0.514	0.627	3.263	0.150	18.555	0.347	6.9
SE563100-161500	1985-01-05	8.50	6.066	9.005	0.514	0.628	3.263	0.150	18.553	0.347	6.9
SE563100-161500	1985-01-05	9.50	6.067	9.000	0.514	0.628	3.263	0.149	18.550	0.348	6.9
SE563100-161500	1985-01-05	15.50	6.263	8.488	0.525	0.632	3.275	0.131	18.121	0.482	6.9
SE563100-161500	1985-01-05	16.00	6.263	8.488	0.525	0.632	3.275	0.131	18.121	0.482	6.9
SE563100-161500	1985-01-06	0.00	6.075	9.103	0.516	0.627	3.352	0.175	18.621	0.343	7.0
SE563100-161500	1985-01-06	0.25	6.075	9.103	0.516	0.627	3.352	0.175	18.621	0.343	7.0
SE563100-161500	1985-01-06	0.75	6.074	9.103	0.516	0.628	3.351	0.173	18.636	0.350	7.0
SE563100-161500	1985-01-06	1.25	6.076	9.102	0.516	0.628	3.343	0.169	18.623	0.351	7.0
SE563100-161500	1985-01-06	1.75	6.078	9.100	0.516	0.628	3.334	0.165	18.608	0.354	7.0
SE563100-161500	1985-01-06	2.25	6.078	9.099	0.516	0.628	3.332	0.164	18.604	0.355	7.0
SE563100-161500	1985-01-06	2.75	6.079	9.098	0.516	0.628	3.331	0.163	18.603	0.355	7.0
SE563100-161500	1985-01-06	3.25	6.079	9.097	0.516	0.628	3.331	0.163	18.602	0.355	7.0
SE563100-161500	1985-01-06	3.75	6.079	9.096	0.516	0.628	3.331	0.163	18.601	0.356	7.0
SE563100-161500	1985-01-06	4.50	6.080	9.095	0.516	0.628	3.331	0.162	18.600	0.356	7.0
SE563100-161500	1985-01-06	5.50	6.082	9.088	0.516	0.629	3.336	0.162	18.601	0.357	7.0
SE563100-161500	1985-01-06	6.50	6.090	9.065	0.517	0.629	3.329	0.159	18.574	0.362	7.0
SE563100-161500	1985-01-06	7.50	6.115	8.992	0.519	0.630	3.327	0.154	18.509	0.377	7.0
SE563100-161500	1985-01-06	8.50	6.169	8.853	0.523	0.632	3.331	0.146	18.391	0.407	7.0
SE563100-161500	1985-01-06	9.50	6.229	8.711	0.527	0.634	3.338	0.140	18.265	0.445	7.0
SE563100-161500	1985-01-06	15.50	6.326	8.577	0.531	0.635	3.333	0.135	18.063	0.518	7.0
SE563100-161500	1985-01-06	16.00	6.326	8.577	0.531	0.635	3.333	0.135	18.063	0.518	7.0
SE563100-161500	1985-01-07	0.00	6.054	9.112	0.515	0.625	3.474	0.222	18.830	0.330	7.0
SE563100-161500	1985-01-07	0.25	6.054	9.112	0.515	0.625	3.474	0.222	18.830	0.330	7.0
SE563100-161500	1985-01-07	0.75	6.054	9.112	0.515	0.625	3.471	0.219	18.837	0.336	7.0
SE563100-161500	1985-01-07	1.25	6.056	9.110	0.515	0.625	3.462	0.215	18.818	0.338	7.0
SE563100-161500	1985-01-07	1.75	6.069	9.091	0.516	0.626	3.417	0.192	18.722	0.351	7.0
SE563100-161500	1985-01-07	2.25	6.082	9.070	0.517	0.628	3.388	0.176	18.653	0.362	7.0
SE563100-161500	1985-01-07	2.75	6.093	9.045	0.518	0.629	3.374	0.165	18.607	0.370	7.0
SE563100-161500	1985-01-07	3.25	6.106	9.015	0.519	0.630	3.370	0.159	18.571	0.377	7.0
SE563100-161500	1985-01-07	3.75	6.121	8.979	0.520	0.631	3.372	0.155	18.541	0.385	7.0
SE563100-161500	1985-01-07	4.50	6.142	8.929	0.522	0.632	3.379	0.152	18.501	0.396	7.0
SE563100-161500	1985-01-07	5.50	6.181	8.840	0.526	0.634	3.396	0.148	18.431	0.415	7.0
SE563100-161500	1985-01-07	6.50	6.227	8.749	0.529	0.636	3.380	0.141	18.312	0.440	7.0
SE563100-161500	1985-01-07	7.50	6.271	8.673	0.532	0.637	3.381	0.138	18.222	0.465	7.0
SE563100-161500	1985-01-07	8.50	6.305	8.628	0.534	0.638	3.386	0.138	18.158	0.488	7.0
SE563100-161500	1985-01-07	9.50	6.329	8.609	0.535	0.638	3.388	0.138	18.116	0.505	7.0
SE563100-161500	1985-01-07	15.50	6.390	8.576	0.537	0.638	3.381	0.135	17.999	0.547	7.0
SE563100-161500	1985-01-07	16.00	6.390	8.576	0.537	0.638	3.381	0.135	17.999	0.547	7.0
SE563100-161500	1985-01-08	0.00	6.050	9.085	0.517	0.625	3.583	0.259	18.981	0.320	7.0
SE563100-161500	1985-01-08	0.25	6.050	9.085	0.517	0.625	3.583	0.259	18.981	0.320	7.0
SE563100-161500	1985-01-08	0.75	6.051	9.084	0.517	0.625	3.579	0.254	18.981	0.326	7.0
SE563100-161500	1985-01-08	1.25	6.064	9.064	0.517	0.626	3.540	0.234	18.890	0.338	7.0
SE563100-161500	1985-01-08	1.75	6.094	9.016	0.519	0.627	3.483	0.202	18.734	0.361	7.0
SE563100-161500	1985-01-08	2.25	6.121	8.967	0.521	0.629	3.448	0.180	18.617	0.379	7.0
SE563100-161500	1985-01-08	2.75	6.148	8.915	0.523	0.631	3.429	0.164	18.527	0.396	7.0
SE563100-161500	1985-01-08	3.25	6.175	8.865	0.526	0.632	3.423	0.155	18.459	0.411	7.0
SE563100-161500	1985-01-08	3.75	6.199	8.819	0.528	0.634	3.425	0.149	18.408	0.424	7.0
SE563100-161500	1985-01-08	4.50	6.228	8.767	0.530	0.636	3.432	0.145	18.356	0.439	7.0
SE563100-161500	1985-01-08	5.50	6.267	8.705	0.533	0.638	3.449	0.144	18.295	0.459	7.0
SE563100-161500	1985-01-08	6.50	6.304	8.663	0.536	0.639	3.430	0.141	18.204	0.479	7.0
SE563100-161500	1985-01-08	7.50	6.333	8.641	0.537	0.639	3.427	0.141	18.149	0.497	7.0
SE563100-161500	1985-01-08	8.50	6.354	8.637	0.538	0.639	3.429	0.144	18.114	0.512	7.0
SE563100-161500	1985-01-08	9.50	6.365	8.606	0.540	0.641	3.443	0.140	18.103	0.516	7.0
SE563100-161500	1985-01-08	15.50	6.444	8.575	0.543	0.640	3.435	0.135	17.954	0.561	7.0
SE563100-161500	1985-01-08	16.00	6.444	8.575	0.543	0.640	3.435	0.135	17.954	0.561	7.0
