EUCD	YYYY-MM-DD	Djup(m)	Salt (psu o/oo)	O2 (ml/l)	PO4 (µmol/l)	TotP (µmol/l)	NO3 (µmol/l)	NH4 (µmol/l)	TotN (µmol/l)	Chla (ug/l)	Siktdjup (m)
SE560895-145500	1985-01-01	0.00	6.000	8.062	0.500	0.619	3.007	0.103	18.407	0.290	6.8
SE560895-145500	1985-01-01	0.25	6.000	8.062	0.500	0.619	3.007	0.103	18.407	0.290	6.8
SE560895-145500	1985-01-01	0.75	6.000	8.057	0.500	0.621	3.007	0.102	18.435	0.295	6.8
SE560895-145500	1985-01-01	1.25	6.000	8.054	0.500	0.621	3.007	0.102	18.435	0.295	6.8
SE560895-145500	1985-01-01	1.75	6.000	8.052	0.500	0.621	3.007	0.102	18.435	0.295	6.8
SE560895-145500	1985-01-01	2.25	6.000	8.051	0.500	0.621	3.007	0.102	18.435	0.295	6.8
SE560895-145500	1985-01-01	2.75	6.000	8.049	0.500	0.621	3.007	0.102	18.435	0.295	6.8
SE560895-145500	1985-01-01	3.25	6.000	8.048	0.500	0.621	3.007	0.102	18.435	0.295	6.8
SE560895-145500	1985-01-01	3.75	6.000	8.047	0.500	0.621	3.008	0.102	18.435	0.295	6.8
SE560895-145500	1985-01-01	4.50	6.000	8.046	0.500	0.621	3.007	0.102	18.435	0.295	6.8
SE560895-145500	1985-01-01	5.50	6.000	8.044	0.500	0.621	3.007	0.102	18.435	0.295	6.8
SE560895-145500	1985-01-01	6.50	6.000	8.043	0.500	0.621	3.007	0.102	18.435	0.295	6.8
SE560895-145500	1985-01-01	7.50	6.000	8.041	0.500	0.621	3.007	0.102	18.435	0.295	6.8
SE560895-145500	1985-01-01	8.50	6.000	8.040	0.501	0.621	3.007	0.102	18.435	0.295	6.8
SE560895-145500	1985-01-01	9.50	6.000	8.039	0.501	0.621	3.008	0.102	18.436	0.295	6.8
SE560895-145500	1985-01-01	20.50	6.000	7.977	0.506	0.626	3.066	0.100	18.486	0.296	6.8
SE560895-145500	1985-01-01	21.00	6.000	7.977	0.506	0.626	3.066	0.100	18.486	0.296	6.8
SE560895-145500	1985-01-02	0.00	6.000	8.116	0.502	0.620	3.030	0.107	18.424	0.289	6.9
SE560895-145500	1985-01-02	0.25	6.000	8.116	0.502	0.620	3.030	0.107	18.424	0.289	6.9
SE560895-145500	1985-01-02	0.75	6.000	8.114	0.502	0.621	3.029	0.107	18.449	0.294	6.9
SE560895-145500	1985-01-02	1.25	6.000	8.112	0.502	0.621	3.029	0.107	18.449	0.294	6.9
SE560895-145500	1985-01-02	1.75	6.000	8.112	0.502	0.621	3.029	0.106	18.449	0.294	6.9
SE560895-145500	1985-01-02	2.25	6.000	8.111	0.502	0.621	3.029	0.106	18.449	0.294	6.9
SE560895-145500	1985-01-02	2.75	6.000	8.110	0.502	0.621	3.029	0.106	18.449	0.294	6.9
SE560895-145500	1985-01-02	3.25	6.000	8.110	0.502	0.622	3.029	0.106	18.449	0.294	6.9
SE560895-145500	1985-01-02	3.75	6.000	8.109	0.502	0.622	3.029	0.106	18.449	0.294	6.9
SE560895-145500	1985-01-02	4.50	6.000	8.109	0.502	0.622	3.029	0.106	18.448	0.294	6.9
SE560895-145500	1985-01-02	5.50	6.000	8.108	0.502	0.622	3.029	0.106	18.449	0.294	6.9
SE560895-145500	1985-01-02	6.50	6.000	8.108	0.502	0.622	3.029	0.106	18.449	0.294	6.9
SE560895-145500	1985-01-02	7.50	6.000	8.107	0.502	0.622	3.029	0.106	18.449	0.294	6.9
SE560895-145500	1985-01-02	8.50	6.000	8.107	0.502	0.622	3.029	0.106	18.449	0.294	6.9
SE560895-145500	1985-01-02	9.50	6.000	8.106	0.502	0.622	3.029	0.106	18.449	0.294	6.9
SE560895-145500	1985-01-02	20.50	6.000	8.097	0.503	0.623	3.045	0.105	18.461	0.295	6.9
SE560895-145500	1985-01-02	21.00	6.000	8.097	0.503	0.623	3.045	0.105	18.461	0.295	6.9
SE560895-145500	1985-01-03	0.00	6.115	8.224	0.513	0.626	3.136	0.115	18.290	0.370	6.9
SE560895-145500	1985-01-03	0.25	6.115	8.224	0.513	0.626	3.136	0.115	18.290	0.370	6.9
SE560895-145500	1985-01-03	0.75	6.115	8.220	0.513	0.628	3.136	0.115	18.314	0.377	6.9
SE560895-145500	1985-01-03	1.25	6.116	8.217	0.514	0.628	3.136	0.115	18.312	0.377	6.9
SE560895-145500	1985-01-03	1.75	6.117	8.215	0.514	0.628	3.136	0.114	18.310	0.378	6.9
SE560895-145500	1985-01-03	2.25	6.119	8.213	0.514	0.628	3.137	0.114	18.308	0.379	6.9
SE560895-145500	1985-01-03	2.75	6.120	8.210	0.514	0.628	3.137	0.114	18.304	0.380	6.9
SE560895-145500	1985-01-03	3.25	6.123	8.208	0.514	0.628	3.138	0.114	18.300	0.382	6.9
SE560895-145500	1985-01-03	3.75	6.127	8.204	0.514	0.628	3.140	0.114	18.293	0.385	6.9
SE560895-145500	1985-01-03	4.50	6.136	8.198	0.515	0.629	3.144	0.113	18.277	0.392	6.9
SE560895-145500	1985-01-03	5.50	6.172	8.184	0.518	0.631	3.161	0.113	18.220	0.417	6.9
SE560895-145500	1985-01-03	6.50	6.239	8.173	0.524	0.635	3.197	0.112	18.118	0.466	6.9
SE560895-145500	1985-01-03	7.50	6.264	8.180	0.526	0.636	3.212	0.113	18.083	0.486	6.9
SE560895-145500	1985-01-03	8.50	6.280	8.188	0.528	0.637	3.223	0.113	18.059	0.500	6.9
SE560895-145500	1985-01-03	9.50	6.294	8.196	0.529	0.638	3.232	0.114	18.038	0.513	6.9
SE560895-145500	1985-01-03	20.50	6.412	8.203	0.541	0.644	3.313	0.117	17.866	0.596	6.9
SE560895-145500	1985-01-03	21.00	6.412	8.203	0.541	0.644	3.313	0.117	17.866	0.596	6.9
SE560895-145500	1985-01-04	0.00	6.426	8.496	0.542	0.643	3.354	0.124	17.871	0.596	7.0
SE560895-145500	1985-01-04	0.25	6.426	8.496	0.542	0.643	3.354	0.124	17.871	0.596	7.0
SE560895-145500	1985-01-04	0.75	6.426	8.491	0.542	0.644	3.354	0.124	17.899	0.607	7.0
SE560895-145500	1985-01-04	1.25	6.426	8.488	0.542	0.644	3.354	0.124	17.898	0.607	7.0
SE560895-145500	1985-01-04	1.75	6.427	8.486	0.542	0.644	3.354	0.124	17.898	0.607	7.0
SE560895-145500	1985-01-04	2.25	6.427	8.485	0.542	0.645	3.354	0.124	17.897	0.607	7.0
SE560895-145500	1985-01-04	2.75	6.427	8.483	0.542	0.645	3.354	0.124	17.896	0.608	7.0
SE560895-145500	1985-01-04	3.25	6.428	8.482	0.542	0.645	3.354	0.124	17.896	0.608	7.0
SE560895-145500	1985-01-04	3.75	6.428	8.481	0.542	0.645	3.355	0.124	17.895	0.608	7.0
SE560895-145500	1985-01-04	4.50	6.429	8.479	0.542	0.645	3.354	0.124	17.894	0.609	7.0
SE560895-145500	1985-01-04	5.50	6.430	8.477	0.542	0.645	3.355	0.124	17.892	0.609	7.0
SE560895-145500	1985-01-04	6.50	6.431	8.475	0.542	0.645	3.356	0.124	17.890	0.610	7.0
SE560895-145500	1985-01-04	7.50	6.433	8.473	0.543	0.645	3.356	0.124	17.887	0.612	7.0
SE560895-145500	1985-01-04	8.50	6.436	8.470	0.543	0.645	3.358	0.124	17.883	0.613	7.0
SE560895-145500	1985-01-04	9.50	6.439	8.467	0.543	0.645	3.360	0.124	17.878	0.616	7.0
SE560895-145500	1985-01-04	20.50	6.595	8.454	0.558	0.654	3.457	0.126	17.659	0.726	7.0
SE560895-145500	1985-01-04	21.00	6.595	8.454	0.558	0.654	3.457	0.126	17.659	0.726	7.0
SE560895-145500	1985-01-05	0.00	6.595	8.746	0.559	0.652	3.487	0.130	17.689	0.695	7.1
SE560895-145500	1985-01-05	0.25	6.595	8.746	0.559	0.652	3.487	0.130	17.689	0.695	7.1
SE560895-145500	1985-01-05	0.75	6.596	8.742	0.559	0.654	3.487	0.130	17.720	0.707	7.1
SE560895-145500	1985-01-05	1.25	6.596	8.740	0.559	0.654	3.487	0.130	17.720	0.707	7.1
SE560895-145500	1985-01-05	1.75	6.596	8.738	0.559	0.655	3.487	0.129	17.719	0.707	7.1
SE560895-145500	1985-01-05	2.25	6.596	8.737	0.559	0.655	3.487	0.129	17.718	0.707	7.1
SE560895-145500	1985-01-05	2.75	6.597	8.736	0.559	0.655	3.487	0.129	17.718	0.708	7.1
SE560895-145500	1985-01-05	3.25	6.597	8.735	0.559	0.655	3.487	0.129	17.717	0.708	7.1
SE560895-145500	1985-01-05	3.75	6.597	8.734	0.559	0.655	3.487	0.129	17.717	0.708	7.1
SE560895-145500	1985-01-05	4.50	6.598	8.733	0.559	0.655	3.487	0.129	17.715	0.708	7.1
SE560895-145500	1985-01-05	5.50	6.599	8.731	0.559	0.655	3.487	0.129	17.714	0.709	7.1
SE560895-145500	1985-01-05	6.50	6.600	8.729	0.559	0.655	3.488	0.129	17.712	0.709	7.1
SE560895-145500	1985-01-05	7.50	6.601	8.727	0.559	0.655	3.488	0.129	17.710	0.710	7.1
SE560895-145500	1985-01-05	8.50	6.603	8.724	0.559	0.655	3.489	0.129	17.707	0.712	7.1
SE560895-145500	1985-01-05	9.50	6.607	8.720	0.560	0.655	3.491	0.129	17.702	0.714	7.1
SE560895-145500	1985-01-05	20.50	6.760	8.671	0.574	0.664	3.577	0.129	17.510	0.811	7.1
SE560895-145500	1985-01-05	21.00	6.760	8.671	0.574	0.664	3.577	0.129	17.510	0.811	7.1
SE560895-145500	1985-01-06	0.00	6.687	8.817	0.568	0.657	3.579	0.136	17.638	0.744	7.1
SE560895-145500	1985-01-06	0.25	6.687	8.817	0.568	0.657	3.579	0.136	17.638	0.744	7.1
SE560895-145500	1985-01-06	0.75	6.687	8.817	0.568	0.659	3.579	0.135	17.670	0.757	7.1
SE560895-145500	1985-01-06	1.25	6.688	8.815	0.568	0.659	3.579	0.135	17.666	0.758	7.1
SE560895-145500	1985-01-06	1.75	6.689	8.814	0.568	0.659	3.578	0.135	17.663	0.759	7.1
SE560895-145500	1985-01-06	2.25	6.691	8.812	0.568	0.660	3.578	0.134	17.659	0.759	7.1
SE560895-145500	1985-01-06	2.75	6.693	8.809	0.568	0.660	3.577	0.134	17.654	0.761	7.1
SE560895-145500	1985-01-06	3.25	6.697	8.805	0.569	0.660	3.578	0.133	17.646	0.763	7.1
SE560895-145500	1985-01-06	3.75	6.707	8.795	0.570	0.661	3.579	0.132	17.629	0.768	7.1
SE560895-145500	1985-01-06	4.50	6.731	8.771	0.572	0.663	3.585	0.130	17.589	0.780	7.1
SE560895-145500	1985-01-06	5.50	6.772	8.737	0.576	0.665	3.601	0.129	17.530	0.798	7.1
SE560895-145500	1985-01-06	6.50	6.794	8.724	0.578	0.667	3.612	0.128	17.504	0.808	7.1
SE560895-145500	1985-01-06	7.50	6.805	8.721	0.579	0.668	3.619	0.129	17.492	0.815	7.1
SE560895-145500	1985-01-06	8.50	6.813	8.723	0.580	0.668	3.623	0.129	17.486	0.821	7.1
SE560895-145500	1985-01-06	9.50	6.818	8.726	0.580	0.669	3.627	0.129	17.482	0.827	7.1
SE560895-145500	1985-01-06	20.50	6.858	8.731	0.584	0.670	3.650	0.129	17.439	0.860	7.1
SE560895-145500	1985-01-06	21.00	6.858	8.731	0.584	0.670	3.650	0.129	17.439	0.860	7.1
SE560895-145500	1985-01-07	0.00	6.800	8.821	0.579	0.664	3.657	0.135	17.517	0.796	7.1
SE560895-145500	1985-01-07	0.25	6.800	8.821	0.579	0.664	3.657	0.135	17.517	0.796	7.1
SE560895-145500	1985-01-07	0.75	6.800	8.819	0.579	0.666	3.657	0.135	17.553	0.810	7.1
SE560895-145500	1985-01-07	1.25	6.801	8.817	0.579	0.666	3.657	0.134	17.552	0.810	7.1
SE560895-145500	1985-01-07	1.75	6.801	8.816	0.579	0.666	3.656	0.134	17.551	0.810	7.1
SE560895-145500	1985-01-07	2.25	6.802	8.814	0.579	0.666	3.656	0.134	17.550	0.810	7.1
SE560895-145500	1985-01-07	2.75	6.802	8.813	0.579	0.666	3.656	0.134	17.549	0.811	7.1
SE560895-145500	1985-01-07	3.25	6.803	8.812	0.579	0.666	3.656	0.134	17.547	0.811	7.1
SE560895-145500	1985-01-07	3.75	6.804	8.810	0.579	0.666	3.657	0.134	17.545	0.812	7.1
SE560895-145500	1985-01-07	4.50	6.807	8.806	0.579	0.666	3.657	0.133	17.541	0.813	7.1
SE560895-145500	1985-01-07	5.50	6.816	8.795	0.580	0.667	3.659	0.132	17.528	0.817	7.1
SE560895-145500	1985-01-07	6.50	6.840	8.772	0.582	0.669	3.668	0.130	17.498	0.828	7.1
SE560895-145500	1985-01-07	7.50	6.865	8.757	0.585	0.671	3.680	0.130	17.474	0.840	7.1
SE560895-145500	1985-01-07	8.50	6.871	8.759	0.585	0.672	3.686	0.130	17.471	0.844	7.1
SE560895-145500	1985-01-07	9.50	6.876	8.763	0.586	0.672	3.690	0.130	17.469	0.849	7.1
SE560895-145500	1985-01-07	20.50	6.951	8.701	0.594	0.676	3.712	0.127	17.372	0.878	7.1
SE560895-145500	1985-01-07	21.00	6.951	8.701	0.594	0.676	3.712	0.127	17.372	0.878	7.1
SE560895-145500	1985-01-08	0.00	6.869	8.867	0.585	0.667	3.719	0.136	17.474	0.820	7.1
SE560895-145500	1985-01-08	0.25	6.869	8.867	0.585	0.667	3.719	0.136	17.474	0.820	7.1
SE560895-145500	1985-01-08	0.75	6.870	8.865	0.585	0.669	3.719	0.136	17.512	0.834	7.1
SE560895-145500	1985-01-08	1.25	6.870	8.864	0.585	0.669	3.719	0.136	17.511	0.835	7.1
SE560895-145500	1985-01-08	1.75	6.870	8.862	0.585	0.669	3.718	0.136	17.510	0.835	7.1
SE560895-145500	1985-01-08	2.25	6.870	8.861	0.585	0.669	3.718	0.136	17.509	0.835	7.1
SE560895-145500	1985-01-08	2.75	6.871	8.860	0.585	0.669	3.718	0.135	17.508	0.835	7.1
SE560895-145500	1985-01-08	3.25	6.871	8.859	0.585	0.669	3.718	0.135	17.508	0.835	7.1
SE560895-145500	1985-01-08	3.75	6.872	8.858	0.585	0.669	3.718	0.135	17.507	0.836	7.1
SE560895-145500	1985-01-08	4.50	6.874	8.855	0.585	0.670	3.718	0.135	17.504	0.836	7.1
SE560895-145500	1985-01-08	5.50	6.878	8.849	0.586	0.670	3.718	0.134	17.499	0.839	7.1
SE560895-145500	1985-01-08	6.50	6.891	8.833	0.587	0.671	3.722	0.133	17.485	0.844	7.1
SE560895-145500	1985-01-08	7.50	6.921	8.805	0.590	0.674	3.735	0.131	17.458	0.856	7.1
SE560895-145500	1985-01-08	8.50	6.931	8.802	0.591	0.674	3.740	0.130	17.453	0.861	7.1
SE560895-145500	1985-01-08	9.50	6.937	8.804	0.592	0.675	3.744	0.131	17.451	0.866	7.1
SE560895-145500	1985-01-08	20.50	7.019	8.677	0.604	0.683	3.790	0.126	17.360	0.880	7.1
SE560895-145500	1985-01-08	21.00	7.019	8.677	0.604	0.683	3.790	0.126	17.360	0.880	7.1
