EUCD	YYYY-MM-DD	Djup(m)	Salt (psu o/oo)	O2 (ml/l)	PO4 (µmol/l)	TotP (µmol/l)	NO3 (µmol/l)	NH4 (µmol/l)	TotN (µmol/l)	Chla (ug/l)	Siktdjup (m)
SE561000-152500	1985-01-01	0.00	6.000	8.186	0.504	0.621	3.056	0.114	18.444	0.285	6.9
SE561000-152500	1985-01-01	0.25	6.000	8.186	0.504	0.621	3.056	0.114	18.444	0.285	6.9
SE561000-152500	1985-01-01	0.75	6.000	8.182	0.504	0.622	3.056	0.114	18.467	0.290	6.9
SE561000-152500	1985-01-01	1.25	6.000	8.179	0.504	0.623	3.058	0.114	18.469	0.290	6.9
SE561000-152500	1985-01-01	1.75	6.000	8.177	0.504	0.623	3.059	0.114	18.470	0.290	6.9
SE561000-152500	1985-01-01	2.25	6.000	8.176	0.504	0.623	3.062	0.114	18.472	0.290	6.9
SE561000-152500	1985-01-01	2.75	6.000	8.174	0.505	0.623	3.063	0.114	18.474	0.290	6.9
SE561000-152500	1985-01-01	3.25	6.000	8.173	0.505	0.623	3.063	0.114	18.474	0.290	6.9
SE561000-152500	1985-01-01	3.75	6.000	8.172	0.505	0.623	3.064	0.114	18.475	0.290	6.9
SE561000-152500	1985-01-01	4.50	6.000	8.173	0.504	0.622	3.053	0.113	18.463	0.290	6.9
SE561000-152500	1985-01-01	5.50	6.000	8.170	0.504	0.622	3.054	0.113	18.464	0.290	6.9
SE561000-152500	1985-01-01	6.50	6.000	8.167	0.504	0.623	3.057	0.113	18.467	0.290	6.9
SE561000-152500	1985-01-01	7.50	6.000	8.164	0.504	0.623	3.060	0.113	18.471	0.290	6.9
SE561000-152500	1985-01-01	8.50	6.000	8.159	0.505	0.623	3.063	0.113	18.469	0.290	6.9
SE561000-152500	1985-01-01	9.00	6.000	8.159	0.505	0.623	3.063	0.113	18.469	0.290	6.9
SE561000-152500	1985-01-02	0.00	6.000	8.364	0.514	0.628	3.214	0.160	18.600	0.282	7.0
SE561000-152500	1985-01-02	0.25	6.000	8.364	0.514	0.628	3.214	0.160	18.600	0.282	7.0
SE561000-152500	1985-01-02	0.75	6.000	8.363	0.514	0.629	3.214	0.159	18.611	0.287	7.0
SE561000-152500	1985-01-02	1.25	6.000	8.362	0.514	0.629	3.215	0.159	18.612	0.287	7.0
SE561000-152500	1985-01-02	1.75	6.000	8.361	0.514	0.629	3.216	0.159	18.613	0.287	7.0
SE561000-152500	1985-01-02	2.25	6.000	8.361	0.514	0.629	3.218	0.159	18.614	0.287	7.0
SE561000-152500	1985-01-02	2.75	6.000	8.360	0.515	0.629	3.220	0.159	18.616	0.287	7.0
SE561000-152500	1985-01-02	3.25	6.000	8.360	0.515	0.629	3.220	0.158	18.616	0.287	7.0
SE561000-152500	1985-01-02	3.75	6.000	8.359	0.515	0.630	3.221	0.158	18.616	0.287	7.0
SE561000-152500	1985-01-02	4.50	6.000	8.362	0.514	0.629	3.210	0.157	18.605	0.287	7.0
SE561000-152500	1985-01-02	5.50	6.000	8.360	0.514	0.629	3.210	0.156	18.606	0.288	7.0
SE561000-152500	1985-01-02	6.50	6.000	8.359	0.514	0.629	3.212	0.156	18.608	0.288	7.0
SE561000-152500	1985-01-02	7.50	6.000	8.356	0.514	0.629	3.215	0.155	18.610	0.289	7.0
SE561000-152500	1985-01-02	8.50	6.000	8.354	0.515	0.630	3.218	0.154	18.611	0.289	7.0
SE561000-152500	1985-01-02	9.00	6.000	8.354	0.515	0.630	3.218	0.154	18.611	0.289	7.0
SE561000-152500	1985-01-03	0.00	5.955	8.701	0.524	0.637	3.734	0.234	19.325	0.274	6.9
SE561000-152500	1985-01-03	0.25	5.955	8.701	0.524	0.637	3.734	0.234	19.325	0.274	6.9
SE561000-152500	1985-01-03	0.75	5.955	8.696	0.524	0.637	3.735	0.233	19.337	0.278	6.9
SE561000-152500	1985-01-03	1.25	5.955	8.693	0.524	0.638	3.735	0.233	19.336	0.278	6.9
SE561000-152500	1985-01-03	1.75	5.955	8.691	0.524	0.638	3.736	0.233	19.336	0.278	6.9
SE561000-152500	1985-01-03	2.25	5.955	8.689	0.524	0.638	3.737	0.233	19.336	0.278	6.9
SE561000-152500	1985-01-03	2.75	5.956	8.687	0.524	0.638	3.737	0.233	19.336	0.278	6.9
SE561000-152500	1985-01-03	3.25	5.956	8.684	0.524	0.638	3.735	0.232	19.334	0.278	6.9
SE561000-152500	1985-01-03	3.75	5.956	8.679	0.524	0.638	3.732	0.232	19.328	0.279	6.9
SE561000-152500	1985-01-03	4.50	5.959	8.663	0.523	0.637	3.705	0.228	19.293	0.280	6.9
SE561000-152500	1985-01-03	5.50	5.967	8.601	0.522	0.636	3.640	0.216	19.195	0.285	6.9
SE561000-152500	1985-01-03	6.50	5.995	8.444	0.518	0.633	3.442	0.179	18.896	0.303	6.9
SE561000-152500	1985-01-03	7.50	6.057	8.253	0.513	0.628	3.165	0.126	18.433	0.343	6.9
SE561000-152500	1985-01-03	8.50	6.076	8.266	0.513	0.628	3.148	0.124	18.374	0.357	6.9
SE561000-152500	1985-01-03	9.00	6.076	8.266	0.513	0.628	3.148	0.124	18.374	0.357	6.9
SE561000-152500	1985-01-04	0.00	5.912	8.666	0.532	0.643	4.269	0.318	20.079	0.263	6.9
SE561000-152500	1985-01-04	0.25	5.912	8.666	0.532	0.643	4.269	0.318	20.079	0.263	6.9
SE561000-152500	1985-01-04	0.75	5.911	8.665	0.532	0.644	4.273	0.315	20.095	0.267	6.9
SE561000-152500	1985-01-04	1.25	5.915	8.662	0.532	0.645	4.246	0.309	20.050	0.269	6.9
SE561000-152500	1985-01-04	1.75	5.928	8.650	0.533	0.646	4.165	0.289	19.916	0.275	6.9
SE561000-152500	1985-01-04	2.25	5.942	8.633	0.534	0.647	4.092	0.272	19.789	0.283	6.9
SE561000-152500	1985-01-04	2.75	5.985	8.590	0.536	0.648	3.909	0.234	19.462	0.307	6.9
SE561000-152500	1985-01-04	3.25	6.059	8.547	0.534	0.646	3.679	0.192	19.023	0.350	6.9
SE561000-152500	1985-01-04	3.75	6.151	8.492	0.535	0.644	3.515	0.162	18.633	0.410	6.9
SE561000-152500	1985-01-04	4.50	6.241	8.486	0.534	0.641	3.370	0.139	18.277	0.475	6.9
SE561000-152500	1985-01-04	5.50	6.299	8.519	0.536	0.642	3.344	0.134	18.127	0.518	6.9
SE561000-152500	1985-01-04	6.50	6.335	8.561	0.538	0.643	3.350	0.134	18.061	0.544	6.9
SE561000-152500	1985-01-04	7.50	6.357	8.595	0.539	0.643	3.356	0.135	18.021	0.560	6.9
SE561000-152500	1985-01-04	8.50	6.368	8.611	0.540	0.643	3.359	0.136	17.999	0.567	6.9
SE561000-152500	1985-01-04	9.00	6.368	8.611	0.540	0.643	3.359	0.136	17.999	0.567	6.9
SE561000-152500	1985-01-05	0.00	5.881	8.629	0.541	0.650	4.766	0.398	20.747	0.249	6.9
SE561000-152500	1985-01-05	0.25	5.881	8.629	0.541	0.650	4.766	0.398	20.747	0.249	6.9
SE561000-152500	1985-01-05	0.75	5.881	8.629	0.541	0.651	4.771	0.394	20.762	0.253	6.9
SE561000-152500	1985-01-05	1.25	5.913	8.620	0.543	0.653	4.605	0.355	20.476	0.269	6.9
SE561000-152500	1985-01-05	1.75	5.959	8.612	0.546	0.655	4.436	0.316	20.157	0.292	6.9
SE561000-152500	1985-01-05	2.25	6.034	8.616	0.549	0.657	4.238	0.272	19.746	0.332	6.9
SE561000-152500	1985-01-05	2.75	6.144	8.649	0.552	0.658	4.003	0.226	19.221	0.395	6.9
SE561000-152500	1985-01-05	3.25	6.282	8.665	0.555	0.658	3.804	0.186	18.691	0.481	6.9
SE561000-152500	1985-01-05	3.75	6.405	8.724	0.557	0.656	3.637	0.158	18.238	0.567	6.9
SE561000-152500	1985-01-05	4.50	6.484	8.798	0.556	0.653	3.520	0.144	17.942	0.631	6.9
SE561000-152500	1985-01-05	5.50	6.515	8.845	0.556	0.653	3.503	0.143	17.864	0.656	6.9
SE561000-152500	1985-01-05	6.50	6.529	8.876	0.557	0.654	3.506	0.144	17.838	0.666	6.9
SE561000-152500	1985-01-05	7.50	6.538	8.896	0.557	0.653	3.506	0.145	17.821	0.671	6.9
SE561000-152500	1985-01-05	8.50	6.543	8.905	0.557	0.653	3.507	0.146	17.810	0.673	6.9
SE561000-152500	1985-01-05	9.00	6.543	8.905	0.557	0.653	3.507	0.146	17.810	0.673	6.9
SE561000-152500	1985-01-06	0.00	5.906	8.662	0.551	0.658	5.089	0.436	21.076	0.277	6.9
SE561000-152500	1985-01-06	0.25	5.906	8.662	0.551	0.658	5.089	0.436	21.076	0.277	6.9
SE561000-152500	1985-01-06	0.75	5.906	8.662	0.551	0.659	5.093	0.432	21.088	0.282	6.9
SE561000-152500	1985-01-06	1.25	5.939	8.664	0.553	0.661	4.942	0.396	20.820	0.299	6.9
SE561000-152500	1985-01-06	1.75	5.996	8.679	0.556	0.663	4.768	0.356	20.476	0.329	6.9
SE561000-152500	1985-01-06	2.25	6.087	8.717	0.560	0.665	4.554	0.312	20.017	0.377	6.9
SE561000-152500	1985-01-06	2.75	6.222	8.791	0.563	0.665	4.266	0.258	19.383	0.452	6.9
SE561000-152500	1985-01-06	3.25	6.381	8.844	0.566	0.664	4.004	0.210	18.737	0.549	6.9
SE561000-152500	1985-01-06	3.75	6.506	8.914	0.567	0.661	3.775	0.175	18.205	0.633	6.9
SE561000-152500	1985-01-06	4.50	6.575	8.977	0.564	0.657	3.616	0.159	17.877	0.686	6.9
SE561000-152500	1985-01-06	5.50	6.589	8.972	0.565	0.658	3.601	0.151	17.832	0.701	6.9
SE561000-152500	1985-01-06	6.50	6.594	8.964	0.567	0.661	3.612	0.149	17.834	0.707	6.9
SE561000-152500	1985-01-06	7.50	6.596	8.956	0.569	0.663	3.633	0.148	17.850	0.710	6.9
SE561000-152500	1985-01-06	8.50	6.598	8.950	0.571	0.664	3.652	0.147	17.854	0.711	6.9
SE561000-152500	1985-01-06	9.00	6.598	8.950	0.571	0.664	3.652	0.147	17.854	0.711	6.9
SE561000-152500	1985-01-07	0.00	5.918	8.662	0.561	0.665	5.452	0.491	21.473	0.285	6.9
SE561000-152500	1985-01-07	0.25	5.918	8.662	0.561	0.665	5.452	0.491	21.473	0.285	6.9
SE561000-152500	1985-01-07	0.75	5.919	8.663	0.561	0.666	5.453	0.485	21.479	0.290	6.9
SE561000-152500	1985-01-07	1.25	5.984	8.673	0.565	0.669	5.199	0.426	21.017	0.320	6.9
SE561000-152500	1985-01-07	1.75	6.065	8.697	0.569	0.671	4.954	0.371	20.538	0.360	6.9
SE561000-152500	1985-01-07	2.25	6.173	8.741	0.572	0.673	4.681	0.316	19.975	0.415	6.9
SE561000-152500	1985-01-07	2.75	6.307	8.808	0.574	0.672	4.363	0.259	19.309	0.489	6.9
SE561000-152500	1985-01-07	3.25	6.444	8.871	0.575	0.669	4.065	0.212	18.666	0.573	6.9
SE561000-152500	1985-01-07	3.75	6.549	8.913	0.574	0.666	3.856	0.182	18.201	0.645	6.9
SE561000-152500	1985-01-07	4.50	6.617	8.943	0.572	0.662	3.716	0.167	17.902	0.698	6.9
SE561000-152500	1985-01-07	5.50	6.647	8.947	0.572	0.662	3.688	0.164	17.812	0.721	6.9
SE561000-152500	1985-01-07	6.50	6.669	8.946	0.573	0.662	3.686	0.165	17.770	0.734	6.9
SE561000-152500	1985-01-07	7.50	6.686	8.943	0.573	0.661	3.686	0.165	17.739	0.743	6.9
SE561000-152500	1985-01-07	8.50	6.695	8.939	0.574	0.661	3.688	0.165	17.721	0.748	6.9
SE561000-152500	1985-01-07	9.00	6.695	8.939	0.574	0.661	3.688	0.165	17.721	0.748	6.9
SE561000-152500	1985-01-08	0.00	5.958	8.666	0.573	0.672	5.710	0.527	21.678	0.296	6.9
SE561000-152500	1985-01-08	0.25	5.958	8.666	0.573	0.672	5.710	0.527	21.678	0.296	6.9
SE561000-152500	1985-01-08	0.75	5.959	8.667	0.573	0.673	5.708	0.521	21.679	0.301	6.9
SE561000-152500	1985-01-08	1.25	6.038	8.675	0.576	0.676	5.423	0.453	21.152	0.337	6.9
SE561000-152500	1985-01-08	1.75	6.134	8.696	0.580	0.678	5.145	0.392	20.607	0.382	6.9
SE561000-152500	1985-01-08	2.25	6.260	8.732	0.584	0.679	4.832	0.329	19.961	0.446	6.9
SE561000-152500	1985-01-08	2.75	6.415	8.786	0.586	0.678	4.475	0.266	19.211	0.531	6.9
SE561000-152500	1985-01-08	3.25	6.568	8.847	0.585	0.674	4.125	0.212	18.480	0.626	6.9
SE561000-152500	1985-01-08	3.75	6.679	8.880	0.585	0.671	3.927	0.183	18.029	0.703	6.9
SE561000-152500	1985-01-08	4.50	6.746	8.908	0.582	0.667	3.800	0.170	17.759	0.757	6.9
SE561000-152500	1985-01-08	5.50	6.768	8.915	0.583	0.667	3.777	0.168	17.695	0.775	6.9
SE561000-152500	1985-01-08	6.50	6.778	8.919	0.583	0.666	3.777	0.169	17.677	0.781	6.9
SE561000-152500	1985-01-08	7.50	6.785	8.922	0.583	0.666	3.776	0.170	17.663	0.783	6.9
SE561000-152500	1985-01-08	8.50	6.789	8.922	0.583	0.666	3.776	0.170	17.653	0.784	6.9
SE561000-152500	1985-01-08	9.00	6.789	8.922	0.583	0.666	3.776	0.170	17.653	0.784	6.9
