EUCD	YYYY-MM-DD	Djup(m)	Salt (psu o/oo)	O2 (ml/l)	PO4 (µmol/l)	TotP (µmol/l)	NO3 (µmol/l)	NH4 (µmol/l)	TotN (µmol/l)	Chla (ug/l)	Siktdjup (m)
SE574630-113940	1985-01-01	0.00	20.000	8.038	0.501	0.619	3.008	0.101	18.406	0.290	6.8
SE574630-113940	1985-01-01	0.25	20.000	8.038	0.501	0.619	3.008	0.101	18.406	0.290	6.8
SE574630-113940	1985-01-01	0.75	20.000	8.035	0.501	0.621	3.008	0.101	18.435	0.295	6.8
SE574630-113940	1985-01-01	1.25	20.000	8.034	0.501	0.621	3.008	0.101	18.435	0.295	6.8
SE574630-113940	1985-01-01	1.75	20.000	8.033	0.501	0.621	3.008	0.101	18.435	0.295	6.8
SE574630-113940	1985-01-01	2.25	20.000	8.032	0.501	0.621	3.008	0.101	18.435	0.295	6.8
SE574630-113940	1985-01-01	2.75	20.000	8.031	0.501	0.621	3.008	0.101	18.435	0.295	6.8
SE574630-113940	1985-01-01	3.25	20.000	8.031	0.501	0.621	3.008	0.101	18.435	0.295	6.8
SE574630-113940	1985-01-01	3.75	20.000	8.031	0.501	0.621	3.008	0.101	18.435	0.295	6.8
SE574630-113940	1985-01-01	4.50	20.000	8.030	0.501	0.621	3.008	0.101	18.435	0.295	6.8
SE574630-113940	1985-01-01	5.50	20.000	8.030	0.501	0.621	3.008	0.101	18.435	0.295	6.8
SE574630-113940	1985-01-01	6.50	20.000	8.029	0.501	0.621	3.008	0.101	18.435	0.295	6.8
SE574630-113940	1985-01-01	7.50	20.000	8.029	0.501	0.621	3.008	0.101	18.435	0.295	6.8
SE574630-113940	1985-01-01	8.50	20.000	8.029	0.501	0.621	3.008	0.101	18.435	0.295	6.8
SE574630-113940	1985-01-01	9.50	20.000	8.028	0.501	0.621	3.009	0.101	18.435	0.295	6.8
SE574630-113940	1985-01-01	22.50	20.000	7.976	0.506	0.626	3.068	0.100	18.488	0.296	6.8
SE574630-113940	1985-01-01	23.00	20.000	7.976	0.506	0.626	3.068	0.100	18.488	0.296	6.8
SE574630-113940	1985-01-02	0.00	20.000	8.109	0.502	0.620	3.025	0.101	18.415	0.292	6.9
SE574630-113940	1985-01-02	0.25	20.000	8.109	0.502	0.620	3.025	0.101	18.415	0.292	6.9
SE574630-113940	1985-01-02	0.75	20.000	8.107	0.502	0.622	3.025	0.101	18.440	0.297	6.9
SE574630-113940	1985-01-02	1.25	20.000	8.107	0.502	0.622	3.025	0.101	18.440	0.297	6.9
SE574630-113940	1985-01-02	1.75	20.000	8.106	0.502	0.622	3.025	0.101	18.440	0.297	6.9
SE574630-113940	1985-01-02	2.25	20.000	8.106	0.502	0.622	3.025	0.101	18.440	0.297	6.9
SE574630-113940	1985-01-02	2.75	20.000	8.105	0.502	0.622	3.025	0.101	18.440	0.297	6.9
SE574630-113940	1985-01-02	3.25	20.000	8.105	0.502	0.622	3.025	0.101	18.440	0.297	6.9
SE574630-113940	1985-01-02	3.75	20.000	8.105	0.502	0.622	3.025	0.101	18.440	0.297	6.9
SE574630-113940	1985-01-02	4.50	20.000	8.104	0.502	0.622	3.025	0.101	18.440	0.297	6.9
SE574630-113940	1985-01-02	5.50	20.000	8.104	0.502	0.622	3.025	0.101	18.440	0.297	6.9
SE574630-113940	1985-01-02	6.50	20.000	8.104	0.502	0.622	3.025	0.101	18.440	0.297	6.9
SE574630-113940	1985-01-02	7.50	20.000	8.104	0.502	0.622	3.025	0.101	18.441	0.297	6.9
SE574630-113940	1985-01-02	8.50	20.000	8.103	0.502	0.622	3.026	0.101	18.441	0.297	6.9
SE574630-113940	1985-01-02	9.50	20.000	8.103	0.502	0.622	3.026	0.101	18.441	0.297	6.9
SE574630-113940	1985-01-02	22.50	20.000	8.098	0.503	0.623	3.039	0.101	18.450	0.297	6.9
SE574630-113940	1985-01-02	23.00	20.000	8.098	0.503	0.623	3.039	0.101	18.450	0.297	6.9
SE574630-113940	1985-01-03	0.00	18.123	8.435	0.472	0.589	5.492	0.239	20.973	0.273	6.6
SE574630-113940	1985-01-03	0.25	18.123	8.435	0.472	0.589	5.492	0.239	20.973	0.273	6.6
SE574630-113940	1985-01-03	0.75	18.100	8.434	0.471	0.593	5.523	0.240	21.071	0.277	6.6
SE574630-113940	1985-01-03	1.25	18.185	8.421	0.473	0.594	5.410	0.234	20.953	0.278	6.6
SE574630-113940	1985-01-03	1.75	18.542	8.366	0.478	0.600	4.945	0.207	20.472	0.285	6.6
SE574630-113940	1985-01-03	2.25	18.671	8.346	0.480	0.602	4.776	0.198	20.292	0.287	6.6
SE574630-113940	1985-01-03	2.75	18.830	8.320	0.483	0.605	4.567	0.186	20.077	0.290	6.6
SE574630-113940	1985-01-03	3.25	18.938	8.303	0.485	0.606	4.426	0.178	19.930	0.292	6.6
SE574630-113940	1985-01-03	3.75	19.030	8.288	0.486	0.608	4.305	0.171	19.804	0.293	6.6
SE574630-113940	1985-01-03	4.50	19.519	8.203	0.494	0.616	3.669	0.135	19.143	0.300	6.6
SE574630-113940	1985-01-03	5.50	19.808	8.142	0.499	0.621	3.302	0.115	18.749	0.300	6.6
SE574630-113940	1985-01-03	6.50	19.938	8.113	0.502	0.623	3.132	0.105	18.563	0.297	6.6
SE574630-113940	1985-01-03	7.50	19.980	8.101	0.504	0.624	3.081	0.102	18.498	0.295	6.6
SE574630-113940	1985-01-03	8.50	19.994	8.094	0.505	0.625	3.082	0.102	18.476	0.294	6.6
SE574630-113940	1985-01-03	9.50	20.005	8.086	0.508	0.627	3.114	0.104	18.450	0.299	6.6
SE574630-113940	1985-01-03	22.50	21.244	7.904	0.610	0.701	5.084	0.276	15.588	0.818	6.6
SE574630-113940	1985-01-03	23.00	21.244	7.904	0.610	0.701	5.084	0.276	15.588	0.818	6.6
SE574630-113940	1985-01-04	0.00	18.273	8.538	0.483	0.599	5.584	0.242	20.663	0.321	6.7
SE574630-113940	1985-01-04	0.25	18.273	8.538	0.483	0.599	5.584	0.242	20.663	0.321	6.7
SE574630-113940	1985-01-04	0.75	18.272	8.535	0.483	0.603	5.585	0.242	20.731	0.326	6.7
SE574630-113940	1985-01-04	1.25	18.281	8.532	0.483	0.603	5.574	0.242	20.718	0.326	6.7
SE574630-113940	1985-01-04	1.75	18.288	8.530	0.484	0.604	5.565	0.241	20.706	0.327	6.7
SE574630-113940	1985-01-04	2.25	18.295	8.528	0.484	0.604	5.557	0.241	20.696	0.327	6.7
SE574630-113940	1985-01-04	2.75	18.302	8.525	0.484	0.604	5.549	0.240	20.685	0.327	6.7
SE574630-113940	1985-01-04	3.25	18.310	8.523	0.484	0.604	5.540	0.240	20.673	0.328	6.7
SE574630-113940	1985-01-04	3.75	18.319	8.520	0.484	0.604	5.531	0.239	20.659	0.328	6.7
SE574630-113940	1985-01-04	4.50	18.337	8.515	0.485	0.605	5.512	0.238	20.630	0.329	6.7
SE574630-113940	1985-01-04	5.50	18.394	8.500	0.486	0.606	5.461	0.236	20.538	0.334	6.7
SE574630-113940	1985-01-04	6.50	18.639	8.439	0.495	0.613	5.288	0.229	20.113	0.363	6.7
SE574630-113940	1985-01-04	7.50	18.813	8.399	0.502	0.619	5.187	0.226	19.795	0.387	6.7
SE574630-113940	1985-01-04	8.50	19.037	8.355	0.514	0.628	5.149	0.229	19.330	0.434	6.7
SE574630-113940	1985-01-04	9.50	19.353	8.296	0.531	0.641	5.120	0.235	18.654	0.507	6.7
SE574630-113940	1985-01-04	22.50	22.033	7.778	0.636	0.724	5.496	0.295	15.079	0.864	6.7
SE574630-113940	1985-01-04	23.00	22.033	7.778	0.636	0.724	5.496	0.295	15.079	0.864	6.7
SE574630-113940	1985-01-05	0.00	17.562	8.804	0.486	0.596	7.013	0.324	21.364	0.392	6.8
SE574630-113940	1985-01-05	0.25	17.562	8.804	0.486	0.596	7.013	0.324	21.364	0.392	6.8
SE574630-113940	1985-01-05	0.75	17.561	8.801	0.486	0.601	7.014	0.324	21.446	0.398	6.8
SE574630-113940	1985-01-05	1.25	17.576	8.797	0.486	0.601	6.995	0.323	21.423	0.399	6.8
SE574630-113940	1985-01-05	1.75	17.591	8.794	0.486	0.601	6.978	0.322	21.401	0.399	6.8
SE574630-113940	1985-01-05	2.25	17.606	8.790	0.487	0.601	6.962	0.321	21.378	0.400	6.8
SE574630-113940	1985-01-05	2.75	17.621	8.786	0.487	0.602	6.945	0.320	21.355	0.401	6.8
SE574630-113940	1985-01-05	3.25	17.638	8.782	0.488	0.602	6.928	0.319	21.328	0.402	6.8
SE574630-113940	1985-01-05	3.75	17.657	8.778	0.488	0.603	6.908	0.318	21.298	0.404	6.8
SE574630-113940	1985-01-05	4.50	17.692	8.769	0.489	0.603	6.874	0.316	21.242	0.407	6.8
SE574630-113940	1985-01-05	5.50	17.755	8.754	0.491	0.605	6.816	0.313	21.143	0.412	6.8
SE574630-113940	1985-01-05	6.50	17.858	8.730	0.494	0.608	6.731	0.309	20.972	0.423	6.8
SE574630-113940	1985-01-05	7.50	18.255	8.641	0.508	0.620	6.460	0.298	20.296	0.473	6.8
SE574630-113940	1985-01-05	8.50	18.522	8.589	0.519	0.630	6.368	0.297	19.788	0.522	6.8
SE574630-113940	1985-01-05	9.50	19.184	8.470	0.551	0.655	6.244	0.302	18.494	0.657	6.8
SE574630-113940	1985-01-05	22.50	22.084	7.700	0.658	0.744	5.755	0.295	15.218	0.838	6.8
SE574630-113940	1985-01-05	23.00	22.084	7.700	0.658	0.744	5.755	0.295	15.218	0.838	6.8
SE574630-113940	1985-01-06	0.00	13.306	9.198	0.408	0.498	12.330	0.618	26.929	0.281	6.7
SE574630-113940	1985-01-06	0.25	13.306	9.198	0.408	0.498	12.330	0.618	26.929	0.281	6.7
SE574630-113940	1985-01-06	0.75	13.096	9.214	0.405	0.503	12.578	0.629	27.338	0.282	6.7
SE574630-113940	1985-01-06	1.25	14.756	9.083	0.433	0.540	10.542	0.511	25.272	0.323	6.7
SE574630-113940	1985-01-06	1.75	16.049	8.977	0.455	0.568	8.939	0.420	23.622	0.356	6.7
SE574630-113940	1985-01-06	2.25	16.811	8.909	0.469	0.585	7.964	0.365	22.604	0.377	6.7
SE574630-113940	1985-01-06	2.75	17.194	8.869	0.477	0.594	7.460	0.337	22.058	0.387	6.7
SE574630-113940	1985-01-06	3.25	17.398	8.842	0.482	0.598	7.195	0.323	21.745	0.393	6.7
SE574630-113940	1985-01-06	3.75	17.545	8.818	0.486	0.602	7.032	0.316	21.509	0.399	6.7
SE574630-113940	1985-01-06	4.50	17.735	8.779	0.494	0.608	6.953	0.314	21.131	0.429	6.7
SE574630-113940	1985-01-06	5.50	18.155	8.698	0.514	0.625	6.882	0.317	20.300	0.512	6.7
SE574630-113940	1985-01-06	6.50	18.845	8.579	0.545	0.651	6.729	0.318	19.000	0.643	6.7
SE574630-113940	1985-01-06	7.50	19.636	8.456	0.582	0.681	6.618	0.323	17.487	0.812	6.7
SE574630-113940	1985-01-06	8.50	20.310	8.358	0.615	0.707	6.543	0.325	16.140	0.970	6.7
SE574630-113940	1985-01-06	9.50	20.772	8.298	0.638	0.725	6.527	0.328	15.184	1.095	6.7
SE574630-113940	1985-01-06	22.50	22.222	7.853	0.666	0.747	6.188	0.321	14.350	1.033	6.7
SE574630-113940	1985-01-06	23.00	22.222	7.853	0.666	0.747	6.188	0.321	14.350	1.033	6.7
SE574630-113940	1985-01-07	0.00	10.929	9.374	0.367	0.444	15.274	0.778	29.937	0.227	6.8
SE574630-113940	1985-01-07	0.25	10.929	9.374	0.367	0.444	15.274	0.778	29.937	0.227	6.8
SE574630-113940	1985-01-07	0.75	10.832	9.381	0.365	0.451	15.387	0.781	30.191	0.230	6.8
SE574630-113940	1985-01-07	1.25	12.795	9.225	0.398	0.495	12.985	0.641	27.776	0.275	6.8
SE574630-113940	1985-01-07	1.75	14.675	9.070	0.431	0.536	10.706	0.510	25.413	0.323	6.8
SE574630-113940	1985-01-07	2.25	16.048	8.944	0.457	0.568	9.061	0.418	23.606	0.368	6.8
SE574630-113940	1985-01-07	2.75	17.008	8.843	0.479	0.592	7.978	0.359	22.245	0.414	6.8
SE574630-113940	1985-01-07	3.25	17.650	8.763	0.497	0.611	7.343	0.326	21.245	0.461	6.8
SE574630-113940	1985-01-07	3.75	18.106	8.698	0.512	0.625	7.000	0.311	20.466	0.512	6.8
SE574630-113940	1985-01-07	4.50	18.563	8.631	0.532	0.642	6.810	0.305	19.590	0.592	6.8
SE574630-113940	1985-01-07	5.50	19.247	8.537	0.564	0.669	6.760	0.310	18.241	0.746	6.8
SE574630-113940	1985-01-07	6.50	19.981	8.442	0.600	0.698	6.736	0.316	16.821	0.925	6.8
SE574630-113940	1985-01-07	7.50	20.506	8.384	0.626	0.718	6.697	0.316	15.737	1.069	6.8
SE574630-113940	1985-01-07	8.50	20.813	8.363	0.641	0.730	6.703	0.315	15.068	1.175	6.8
SE574630-113940	1985-01-07	9.50	21.006	8.296	0.650	0.736	6.634	0.316	14.740	1.187	6.8
SE574630-113940	1985-01-07	22.50	22.562	7.802	0.677	0.757	6.397	0.321	14.183	1.039	6.8
SE574630-113940	1985-01-07	23.00	22.562	7.802	0.677	0.757	6.397	0.321	14.183	1.039	6.8
SE574630-113940	1985-01-08	0.00	9.730	9.443	0.349	0.417	16.858	0.862	31.337	0.220	7.0
SE574630-113940	1985-01-08	0.25	9.730	9.443	0.349	0.417	16.858	0.862	31.337	0.220	7.0
SE574630-113940	1985-01-08	0.75	9.686	9.444	0.349	0.425	16.917	0.862	31.512	0.225	7.0
SE574630-113940	1985-01-08	1.25	11.830	9.269	0.387	0.475	14.403	0.715	28.885	0.283	7.0
SE574630-113940	1985-01-08	1.75	13.923	9.089	0.426	0.523	11.960	0.574	26.211	0.349	7.0
SE574630-113940	1985-01-08	2.25	15.599	8.934	0.460	0.563	10.091	0.468	23.960	0.422	7.0
SE574630-113940	1985-01-08	2.75	16.952	8.798	0.492	0.599	8.688	0.391	22.041	0.504	7.0
SE574630-113940	1985-01-08	3.25	17.920	8.692	0.519	0.626	7.795	0.344	20.562	0.586	7.0
SE574630-113940	1985-01-08	3.75	18.604	8.615	0.541	0.648	7.284	0.318	19.430	0.670	7.0
SE574630-113940	1985-01-08	4.50	19.244	8.548	0.566	0.671	6.971	0.304	18.262	0.787	7.0
SE574630-113940	1985-01-08	5.50	19.907	8.482	0.597	0.698	6.879	0.302	16.988	0.949	7.0
SE574630-113940	1985-01-08	6.50	20.411	8.436	0.621	0.718	6.847	0.302	15.992	1.087	7.0
SE574630-113940	1985-01-08	7.50	20.726	8.410	0.636	0.730	6.808	0.299	15.322	1.182	7.0
SE574630-113940	1985-01-08	8.50	20.918	8.361	0.646	0.736	6.752	0.299	14.969	1.207	7.0
SE574630-113940	1985-01-08	9.50	21.087	8.283	0.653	0.741	6.682	0.301	14.754	1.192	7.0
SE574630-113940	1985-01-08	22.50	23.043	7.715	0.691	0.770	6.606	0.319	14.030	1.034	7.0
SE574630-113940	1985-01-08	23.00	23.043	7.715	0.691	0.770	6.606	0.319	14.030	1.034	7.0
