EUCD	YYYY-MM-DD	Djup(m)	Salt (psu o/oo)	O2 (ml/l)	PO4 (µmol/l)	TotP (µmol/l)	NO3 (µmol/l)	NH4 (µmol/l)	TotN (µmol/l)	Chla (ug/l)	Siktdjup (m)
SENO591150-113700	1985-01-01	0.00	20.000	8.043	0.500	0.619	3.006	0.101	18.404	0.290	6.8
SENO591150-113700	1985-01-01	0.25	20.000	8.043	0.500	0.619	3.006	0.101	18.404	0.290	6.8
SENO591150-113700	1985-01-01	0.75	20.000	8.040	0.500	0.621	3.006	0.101	18.433	0.295	6.8
SENO591150-113700	1985-01-01	1.25	20.000	8.038	0.500	0.621	3.006	0.100	18.433	0.295	6.8
SENO591150-113700	1985-01-01	1.75	20.000	8.037	0.500	0.621	3.006	0.100	18.433	0.295	6.8
SENO591150-113700	1985-01-01	2.25	20.000	8.037	0.500	0.621	3.006	0.100	18.433	0.295	6.8
SENO591150-113700	1985-01-01	2.75	20.000	8.036	0.500	0.621	3.006	0.100	18.433	0.295	6.8
SENO591150-113700	1985-01-01	3.25	20.000	8.035	0.500	0.621	3.006	0.100	18.433	0.295	6.8
SENO591150-113700	1985-01-01	3.75	20.000	8.035	0.501	0.621	3.007	0.100	18.433	0.295	6.8
SENO591150-113700	1985-01-01	4.50	20.000	8.034	0.501	0.621	3.006	0.100	18.433	0.295	6.8
SENO591150-113700	1985-01-01	5.50	20.000	8.033	0.501	0.621	3.007	0.100	18.433	0.295	6.8
SENO591150-113700	1985-01-01	6.50	20.000	8.033	0.501	0.621	3.006	0.100	18.433	0.295	6.8
SENO591150-113700	1985-01-01	7.50	20.000	8.032	0.501	0.621	3.006	0.100	18.433	0.295	6.8
SENO591150-113700	1985-01-01	8.50	20.000	8.031	0.501	0.621	3.006	0.100	18.433	0.295	6.8
SENO591150-113700	1985-01-01	9.50	20.000	8.031	0.501	0.621	3.006	0.100	18.433	0.295	6.8
SENO591150-113700	1985-01-01	25.50	20.000	7.976	0.506	0.626	3.069	0.100	18.489	0.296	6.8
SENO591150-113700	1985-01-01	26.00	20.000	7.976	0.506	0.626	3.069	0.100	18.489	0.296	6.8
SENO591150-113700	1985-01-02	0.00	20.000	8.089	0.502	0.620	3.025	0.101	18.411	0.285	6.9
SENO591150-113700	1985-01-02	0.25	20.000	8.089	0.502	0.620	3.025	0.101	18.411	0.285	6.9
SENO591150-113700	1985-01-02	0.75	20.000	8.088	0.502	0.622	3.025	0.101	18.437	0.290	6.9
SENO591150-113700	1985-01-02	1.25	20.000	8.087	0.502	0.622	3.025	0.101	18.437	0.290	6.9
SENO591150-113700	1985-01-02	1.75	20.000	8.087	0.502	0.622	3.025	0.101	18.437	0.290	6.9
SENO591150-113700	1985-01-02	2.25	20.000	8.087	0.502	0.622	3.025	0.101	18.437	0.290	6.9
SENO591150-113700	1985-01-02	2.75	20.000	8.086	0.502	0.622	3.025	0.101	18.437	0.290	6.9
SENO591150-113700	1985-01-02	3.25	20.000	8.086	0.502	0.622	3.025	0.101	18.437	0.290	6.9
SENO591150-113700	1985-01-02	3.75	20.000	8.086	0.502	0.622	3.025	0.101	18.438	0.290	6.9
SENO591150-113700	1985-01-02	4.50	20.000	8.085	0.502	0.622	3.025	0.101	18.438	0.290	6.9
SENO591150-113700	1985-01-02	5.50	20.000	8.085	0.502	0.622	3.025	0.101	18.438	0.290	6.9
SENO591150-113700	1985-01-02	6.50	20.000	8.085	0.502	0.622	3.025	0.101	18.438	0.290	6.9
SENO591150-113700	1985-01-02	7.50	20.000	8.085	0.502	0.622	3.025	0.101	18.438	0.290	6.9
SENO591150-113700	1985-01-02	8.50	20.000	8.084	0.502	0.622	3.025	0.101	18.438	0.290	6.9
SENO591150-113700	1985-01-02	9.50	20.000	8.084	0.502	0.622	3.025	0.101	18.438	0.290	6.9
SENO591150-113700	1985-01-02	25.50	20.000	8.078	0.503	0.623	3.039	0.100	18.448	0.290	6.9
SENO591150-113700	1985-01-02	26.00	20.000	8.078	0.503	0.623	3.039	0.100	18.448	0.290	6.9
SENO591150-113700	1985-01-03	0.00	14.464	8.673	0.442	0.592	4.517	0.199	20.831	0.203	5.1
SENO591150-113700	1985-01-03	0.25	14.464	8.673	0.442	0.592	4.517	0.199	20.831	0.203	5.1
SENO591150-113700	1985-01-03	0.75	14.373	8.677	0.441	0.610	4.541	0.200	21.169	0.205	5.1
SENO591150-113700	1985-01-03	1.25	15.518	8.560	0.454	0.618	4.244	0.180	20.716	0.222	5.1
SENO591150-113700	1985-01-03	1.75	16.439	8.471	0.463	0.622	4.008	0.164	20.311	0.236	5.1
SENO591150-113700	1985-01-03	2.25	18.611	8.272	0.486	0.633	3.469	0.129	19.441	0.268	5.1
SENO591150-113700	1985-01-03	2.75	19.360	8.190	0.495	0.631	3.258	0.114	18.999	0.280	5.1
SENO591150-113700	1985-01-03	3.25	19.614	8.153	0.498	0.629	3.175	0.109	18.807	0.284	5.1
SENO591150-113700	1985-01-03	3.75	19.739	8.133	0.500	0.627	3.134	0.106	18.694	0.285	5.1
SENO591150-113700	1985-01-03	4.50	19.822	8.115	0.501	0.626	3.104	0.104	18.614	0.286	5.1
SENO591150-113700	1985-01-03	5.50	19.875	8.102	0.502	0.626	3.086	0.102	18.578	0.286	5.1
SENO591150-113700	1985-01-03	6.50	19.917	8.092	0.503	0.626	3.072	0.101	18.550	0.286	5.1
SENO591150-113700	1985-01-03	7.50	19.948	8.085	0.503	0.626	3.062	0.100	18.526	0.286	5.1
SENO591150-113700	1985-01-03	8.50	19.969	8.080	0.503	0.625	3.055	0.100	18.506	0.285	5.1
SENO591150-113700	1985-01-03	9.50	19.982	8.078	0.504	0.625	3.051	0.100	18.490	0.284	5.1
SENO591150-113700	1985-01-03	25.50	19.999	8.052	0.510	0.629	3.115	0.100	18.521	0.276	5.1
SENO591150-113700	1985-01-03	26.00	19.999	8.052	0.510	0.629	3.115	0.100	18.521	0.276	5.1
SENO591150-113700	1985-01-04	0.00	17.032	8.614	0.470	0.605	3.939	0.157	19.857	0.244	5.8
SENO591150-113700	1985-01-04	0.25	17.032	8.614	0.470	0.605	3.939	0.157	19.857	0.244	5.8
SENO591150-113700	1985-01-04	0.75	17.033	8.610	0.470	0.615	3.938	0.157	20.024	0.248	5.8
SENO591150-113700	1985-01-04	1.25	17.092	8.601	0.471	0.616	3.923	0.156	19.998	0.249	5.8
SENO591150-113700	1985-01-04	1.75	17.166	8.591	0.471	0.616	3.904	0.155	19.962	0.250	5.8
SENO591150-113700	1985-01-04	2.25	17.265	8.577	0.473	0.616	3.879	0.153	19.916	0.251	5.8
SENO591150-113700	1985-01-04	2.75	17.399	8.559	0.474	0.616	3.845	0.151	19.854	0.253	5.8
SENO591150-113700	1985-01-04	3.25	17.570	8.536	0.476	0.616	3.802	0.148	19.775	0.256	5.8
SENO591150-113700	1985-01-04	3.75	17.862	8.498	0.479	0.617	3.729	0.143	19.643	0.260	5.8
SENO591150-113700	1985-01-04	4.50	18.523	8.415	0.486	0.618	3.565	0.132	19.332	0.269	5.8
SENO591150-113700	1985-01-04	5.50	18.748	8.392	0.489	0.617	3.510	0.128	19.209	0.272	5.8
SENO591150-113700	1985-01-04	6.50	19.272	8.271	0.495	0.622	3.342	0.117	18.954	0.276	5.8
SENO591150-113700	1985-01-04	7.50	19.427	8.214	0.498	0.625	3.275	0.112	18.874	0.278	5.8
SENO591150-113700	1985-01-04	8.50	19.599	8.165	0.500	0.627	3.210	0.108	18.789	0.278	5.8
SENO591150-113700	1985-01-04	9.50	19.729	8.130	0.502	0.629	3.161	0.104	18.722	0.279	5.8
SENO591150-113700	1985-01-04	25.50	20.199	8.006	0.513	0.631	3.198	0.101	18.403	0.259	5.8
SENO591150-113700	1985-01-04	26.00	20.199	8.006	0.513	0.631	3.198	0.101	18.403	0.259	5.8
SENO591150-113700	1985-01-05	0.00	15.783	8.920	0.456	0.596	4.338	0.181	20.445	0.225	5.5
SENO591150-113700	1985-01-05	0.25	15.783	8.920	0.456	0.596	4.338	0.181	20.445	0.225	5.5
SENO591150-113700	1985-01-05	0.75	15.780	8.916	0.456	0.609	4.339	0.181	20.663	0.228	5.5
SENO591150-113700	1985-01-05	1.25	15.918	8.897	0.458	0.610	4.304	0.179	20.604	0.230	5.5
SENO591150-113700	1985-01-05	1.75	16.212	8.858	0.461	0.611	4.230	0.174	20.475	0.235	5.5
SENO591150-113700	1985-01-05	2.25	16.693	8.796	0.466	0.613	4.110	0.166	20.266	0.242	5.5
SENO591150-113700	1985-01-05	2.75	17.345	8.714	0.473	0.615	3.949	0.155	19.982	0.252	5.5
SENO591150-113700	1985-01-05	3.25	18.086	8.626	0.482	0.616	3.769	0.143	19.647	0.262	5.5
SENO591150-113700	1985-01-05	3.75	18.320	8.603	0.484	0.614	3.715	0.139	19.502	0.266	5.5
SENO591150-113700	1985-01-05	4.50	18.607	8.573	0.487	0.612	3.647	0.135	19.335	0.270	5.5
SENO591150-113700	1985-01-05	5.50	18.701	8.527	0.489	0.614	3.604	0.132	19.282	0.272	5.5
SENO591150-113700	1985-01-05	6.50	18.810	8.484	0.490	0.616	3.560	0.129	19.228	0.272	5.5
SENO591150-113700	1985-01-05	7.50	18.907	8.442	0.492	0.617	3.520	0.126	19.174	0.272	5.5
SENO591150-113700	1985-01-05	8.50	19.001	8.400	0.493	0.618	3.481	0.124	19.122	0.271	5.5
SENO591150-113700	1985-01-05	9.50	19.107	8.354	0.495	0.620	3.436	0.121	19.064	0.270	5.5
SENO591150-113700	1985-01-05	25.50	22.929	7.712	0.518	0.617	3.945	0.124	16.539	0.228	5.5
SENO591150-113700	1985-01-05	26.00	22.929	7.712	0.518	0.617	3.945	0.124	16.539	0.228	5.5
SENO591150-113700	1985-01-06	0.00	9.701	9.440	0.391	0.525	5.914	0.289	22.369	0.135	4.6
SENO591150-113700	1985-01-06	0.25	9.701	9.440	0.391	0.525	5.914	0.289	22.369	0.135	4.6
SENO591150-113700	1985-01-06	0.75	9.550	9.452	0.390	0.563	5.949	0.289	23.044	0.136	4.6
SENO591150-113700	1985-01-06	1.25	15.032	8.976	0.446	0.631	4.638	0.199	21.556	0.212	4.6
SENO591150-113700	1985-01-06	1.75	17.189	8.776	0.470	0.641	4.092	0.162	20.650	0.247	4.6
SENO591150-113700	1985-01-06	2.25	17.927	8.702	0.479	0.634	3.897	0.149	20.154	0.260	4.6
SENO591150-113700	1985-01-06	2.75	18.187	8.674	0.482	0.626	3.823	0.144	19.869	0.265	4.6
SENO591150-113700	1985-01-06	3.25	18.299	8.658	0.484	0.620	3.788	0.142	19.708	0.266	4.6
SENO591150-113700	1985-01-06	3.75	18.365	8.645	0.485	0.617	3.765	0.140	19.606	0.267	4.6
SENO591150-113700	1985-01-06	4.50	18.431	8.626	0.486	0.614	3.738	0.138	19.514	0.266	4.6
SENO591150-113700	1985-01-06	5.50	18.505	8.600	0.487	0.614	3.706	0.136	19.448	0.266	4.6
SENO591150-113700	1985-01-06	6.50	18.593	8.565	0.489	0.615	3.669	0.134	19.387	0.265	4.6
SENO591150-113700	1985-01-06	7.50	18.722	8.513	0.490	0.617	3.615	0.130	19.313	0.264	4.6
SENO591150-113700	1985-01-06	8.50	18.909	8.439	0.493	0.620	3.539	0.125	19.215	0.262	4.6
SENO591150-113700	1985-01-06	9.50	19.173	8.336	0.498	0.625	3.436	0.119	19.082	0.259	4.6
SENO591150-113700	1985-01-06	25.50	25.153	7.631	0.515	0.605	4.740	0.180	14.933	0.272	4.6
SENO591150-113700	1985-01-06	26.00	25.153	7.631	0.515	0.605	4.740	0.180	14.933	0.272	4.6
SENO591150-113700	1985-01-07	0.00	8.178	9.576	0.375	0.506	6.347	0.316	22.880	0.116	4.5
SENO591150-113700	1985-01-07	0.25	8.178	9.576	0.375	0.506	6.347	0.316	22.880	0.116	4.5
SENO591150-113700	1985-01-07	0.75	8.119	9.581	0.374	0.548	6.360	0.315	23.575	0.118	4.5
SENO591150-113700	1985-01-07	1.25	13.566	9.111	0.429	0.621	5.085	0.227	22.243	0.194	4.5
SENO591150-113700	1985-01-07	1.75	16.065	8.881	0.456	0.641	4.474	0.185	21.362	0.233	4.5
SENO591150-113700	1985-01-07	2.25	17.199	8.769	0.470	0.644	4.165	0.164	20.794	0.253	4.5
SENO591150-113700	1985-01-07	2.75	17.773	8.706	0.477	0.645	3.979	0.151	20.452	0.262	4.5
SENO591150-113700	1985-01-07	3.25	18.088	8.666	0.481	0.644	3.871	0.144	20.233	0.266	4.5
SENO591150-113700	1985-01-07	3.75	18.271	8.637	0.484	0.642	3.807	0.140	20.064	0.268	4.5
SENO591150-113700	1985-01-07	4.50	18.438	8.602	0.487	0.636	3.744	0.136	19.845	0.267	4.5
SENO591150-113700	1985-01-07	5.50	18.587	8.556	0.490	0.631	3.687	0.132	19.643	0.265	4.5
SENO591150-113700	1985-01-07	6.50	18.746	8.497	0.492	0.628	3.624	0.128	19.468	0.261	4.5
SENO591150-113700	1985-01-07	7.50	18.932	8.427	0.495	0.628	3.552	0.124	19.312	0.257	4.5
SENO591150-113700	1985-01-07	8.50	19.145	8.346	0.499	0.629	3.472	0.119	19.172	0.253	4.5
SENO591150-113700	1985-01-07	9.50	19.379	8.260	0.503	0.632	3.389	0.114	19.041	0.249	4.5
SENO591150-113700	1985-01-07	25.50	26.129	7.573	0.508	0.598	5.083	0.210	14.228	0.304	4.5
SENO591150-113700	1985-01-07	26.00	26.129	7.573	0.508	0.598	5.083	0.210	14.228	0.304	4.5
SENO591150-113700	1985-01-08	0.00	7.380	9.645	0.365	0.494	6.615	0.333	23.178	0.106	4.5
SENO591150-113700	1985-01-08	0.25	7.380	9.645	0.365	0.494	6.615	0.333	23.178	0.106	4.5
SENO591150-113700	1985-01-08	0.75	7.342	9.648	0.365	0.537	6.623	0.331	23.879	0.108	4.5
SENO591150-113700	1985-01-08	1.25	12.562	9.194	0.418	0.608	5.430	0.248	22.666	0.180	4.5
SENO591150-113700	1985-01-08	1.75	15.127	8.956	0.446	0.631	4.820	0.206	21.814	0.220	4.5
SENO591150-113700	1985-01-08	2.25	16.436	8.826	0.461	0.637	4.460	0.181	21.216	0.242	4.5
SENO591150-113700	1985-01-08	2.75	17.234	8.740	0.471	0.645	4.191	0.163	20.827	0.253	4.5
SENO591150-113700	1985-01-08	3.25	17.744	8.678	0.478	0.650	4.012	0.151	20.565	0.260	4.5
SENO591150-113700	1985-01-08	3.75	18.092	8.626	0.483	0.652	3.888	0.143	20.352	0.263	4.5
SENO591150-113700	1985-01-08	4.50	18.415	8.568	0.488	0.652	3.768	0.135	20.105	0.263	4.5
SENO591150-113700	1985-01-08	5.50	18.686	8.498	0.493	0.649	3.667	0.129	19.854	0.260	4.5
SENO591150-113700	1985-01-08	6.50	18.902	8.428	0.496	0.647	3.588	0.124	19.647	0.255	4.5
SENO591150-113700	1985-01-08	7.50	19.114	8.355	0.500	0.646	3.515	0.120	19.453	0.250	4.5
SENO591150-113700	1985-01-08	8.50	19.326	8.281	0.503	0.644	3.451	0.115	19.272	0.244	4.5
SENO591150-113700	1985-01-08	9.50	19.542	8.210	0.507	0.644	3.399	0.112	19.099	0.239	4.5
SENO591150-113700	1985-01-08	25.50	26.550	7.533	0.505	0.596	5.215	0.217	13.953	0.310	4.5
SENO591150-113700	1985-01-08	26.00	26.550	7.533	0.505	0.596	5.215	0.217	13.953	0.310	4.5
