EUCD	YYYY-MM-DD	Djup(m)	Salt (psu o/oo)	O2 (ml/l)	PO4 (µmol/l)	TotP (µmol/l)	NO3 (µmol/l)	NH4 (µmol/l)	TotN (µmol/l)	Chla (ug/l)	Siktdjup (m)
SE582665-111706	1985-01-01	0.00	20.000	8.056	0.501	0.620	3.015	0.101	18.410	0.289	6.8
SE582665-111706	1985-01-01	0.25	20.000	8.056	0.501	0.620	3.015	0.101	18.410	0.289	6.8
SE582665-111706	1985-01-01	0.75	20.000	8.053	0.501	0.621	3.015	0.101	18.437	0.294	6.8
SE582665-111706	1985-01-01	1.25	20.000	8.052	0.501	0.621	3.014	0.101	18.436	0.294	6.8
SE582665-111706	1985-01-01	1.75	20.000	8.051	0.501	0.621	3.014	0.101	18.436	0.294	6.8
SE582665-111706	1985-01-01	2.25	20.000	8.050	0.501	0.621	3.014	0.101	18.436	0.294	6.8
SE582665-111706	1985-01-01	2.75	20.000	8.049	0.501	0.621	3.014	0.101	18.436	0.294	6.8
SE582665-111706	1985-01-01	3.25	20.000	8.049	0.501	0.621	3.014	0.101	18.436	0.294	6.8
SE582665-111706	1985-01-01	3.75	20.000	8.048	0.501	0.621	3.015	0.101	18.437	0.294	6.8
SE582665-111706	1985-01-01	4.50	20.000	8.048	0.501	0.621	3.014	0.101	18.437	0.294	6.8
SE582665-111706	1985-01-01	5.50	20.000	8.047	0.501	0.621	3.015	0.101	18.437	0.294	6.8
SE582665-111706	1985-01-01	6.50	20.000	8.047	0.501	0.621	3.014	0.101	18.436	0.294	6.8
SE582665-111706	1985-01-01	7.50	20.000	8.046	0.501	0.621	3.014	0.101	18.437	0.294	6.8
SE582665-111706	1985-01-01	8.50	20.000	8.046	0.501	0.621	3.015	0.101	18.437	0.294	6.8
SE582665-111706	1985-01-01	9.50	20.000	8.045	0.501	0.621	3.015	0.101	18.437	0.294	6.8
SE582665-111706	1985-01-01	20.50	20.000	7.978	0.506	0.626	3.069	0.100	18.489	0.296	6.8
SE582665-111706	1985-01-01	21.00	20.000	7.978	0.506	0.626	3.069	0.100	18.489	0.296	6.8
SE582665-111706	1985-01-02	0.00	20.000	8.130	0.504	0.621	3.050	0.103	18.425	0.289	6.9
SE582665-111706	1985-01-02	0.25	20.000	8.130	0.504	0.621	3.050	0.103	18.425	0.289	6.9
SE582665-111706	1985-01-02	0.75	20.000	8.130	0.504	0.623	3.049	0.102	18.447	0.293	6.9
SE582665-111706	1985-01-02	1.25	20.000	8.129	0.504	0.623	3.048	0.102	18.446	0.293	6.9
SE582665-111706	1985-01-02	1.75	20.000	8.129	0.504	0.623	3.048	0.102	18.446	0.293	6.9
SE582665-111706	1985-01-02	2.25	20.000	8.129	0.504	0.623	3.049	0.102	18.446	0.294	6.9
SE582665-111706	1985-01-02	2.75	20.000	8.129	0.504	0.623	3.049	0.102	18.446	0.294	6.9
SE582665-111706	1985-01-02	3.25	20.000	8.128	0.504	0.623	3.049	0.102	18.446	0.294	6.9
SE582665-111706	1985-01-02	3.75	20.000	8.128	0.504	0.623	3.049	0.102	18.447	0.294	6.9
SE582665-111706	1985-01-02	4.50	20.000	8.128	0.504	0.623	3.049	0.102	18.447	0.294	6.9
SE582665-111706	1985-01-02	5.50	20.000	8.128	0.504	0.623	3.049	0.102	18.447	0.294	6.9
SE582665-111706	1985-01-02	6.50	20.000	8.127	0.504	0.623	3.049	0.102	18.447	0.294	6.9
SE582665-111706	1985-01-02	7.50	20.000	8.127	0.504	0.623	3.049	0.102	18.447	0.294	6.9
SE582665-111706	1985-01-02	8.50	20.000	8.127	0.504	0.623	3.049	0.102	18.447	0.294	6.9
SE582665-111706	1985-01-02	9.50	20.000	8.127	0.504	0.623	3.049	0.102	18.448	0.294	6.9
SE582665-111706	1985-01-02	20.50	20.000	8.122	0.505	0.624	3.061	0.102	18.456	0.294	6.9
SE582665-111706	1985-01-02	21.00	20.000	8.122	0.505	0.624	3.061	0.102	18.456	0.294	6.9
SE582665-111706	1985-01-03	0.00	21.474	8.084	0.549	0.643	4.553	0.234	16.495	0.532	8.3
SE582665-111706	1985-01-03	0.25	21.474	8.084	0.549	0.643	4.553	0.234	16.495	0.532	8.3
SE582665-111706	1985-01-03	0.75	21.477	8.082	0.549	0.644	4.555	0.234	16.512	0.541	8.3
SE582665-111706	1985-01-03	1.25	21.483	8.080	0.549	0.644	4.561	0.235	16.501	0.542	8.3
SE582665-111706	1985-01-03	1.75	21.509	8.075	0.550	0.645	4.586	0.237	16.463	0.547	8.3
SE582665-111706	1985-01-03	2.25	21.674	8.051	0.556	0.648	4.754	0.252	16.223	0.581	8.3
SE582665-111706	1985-01-03	2.75	21.944	8.025	0.565	0.654	5.037	0.278	15.830	0.636	8.3
SE582665-111706	1985-01-03	3.25	22.353	7.989	0.577	0.661	5.418	0.312	15.322	0.701	8.3
SE582665-111706	1985-01-03	3.75	22.578	7.962	0.580	0.662	5.577	0.325	15.155	0.719	8.3
SE582665-111706	1985-01-03	4.50	22.765	7.945	0.584	0.663	5.729	0.337	14.981	0.739	8.3
SE582665-111706	1985-01-03	5.50	22.984	7.929	0.588	0.665	5.912	0.353	14.764	0.766	8.3
SE582665-111706	1985-01-03	6.50	23.179	7.922	0.592	0.666	5.878	0.344	14.377	0.789	8.3
SE582665-111706	1985-01-03	7.50	23.341	7.906	0.593	0.666	5.938	0.345	14.200	0.803	8.3
SE582665-111706	1985-01-03	8.50	23.498	7.893	0.596	0.666	6.024	0.349	14.032	0.821	8.3
SE582665-111706	1985-01-03	9.50	23.637	7.881	0.597	0.667	6.100	0.353	13.881	0.837	8.3
SE582665-111706	1985-01-03	20.50	24.732	7.745	0.594	0.655	6.475	0.333	12.815	0.902	8.3
SE582665-111706	1985-01-03	21.00	24.732	7.745	0.594	0.655	6.475	0.333	12.815	0.902	8.3
SE582665-111706	1985-01-04	0.00	22.569	8.213	0.586	0.665	5.774	0.324	14.838	0.798	9.8
SE582665-111706	1985-01-04	0.25	22.569	8.213	0.586	0.665	5.774	0.324	14.838	0.798	9.8
SE582665-111706	1985-01-04	0.75	22.570	8.209	0.586	0.666	5.774	0.324	14.860	0.811	9.8
SE582665-111706	1985-01-04	1.25	22.572	8.207	0.586	0.666	5.775	0.324	14.857	0.811	9.8
SE582665-111706	1985-01-04	1.75	22.573	8.206	0.586	0.666	5.776	0.324	14.855	0.812	9.8
SE582665-111706	1985-01-04	2.25	22.575	8.204	0.586	0.666	5.778	0.325	14.852	0.812	9.8
SE582665-111706	1985-01-04	2.75	22.577	8.202	0.586	0.666	5.781	0.325	14.848	0.813	9.8
SE582665-111706	1985-01-04	3.25	22.579	8.200	0.586	0.666	5.784	0.325	14.843	0.814	9.8
SE582665-111706	1985-01-04	3.75	22.583	8.198	0.586	0.666	5.789	0.325	14.837	0.815	9.8
SE582665-111706	1985-01-04	4.50	22.592	8.193	0.587	0.667	5.799	0.326	14.820	0.818	9.8
SE582665-111706	1985-01-04	5.50	22.611	8.184	0.587	0.667	5.822	0.328	14.784	0.824	9.8
SE582665-111706	1985-01-04	6.50	22.860	8.098	0.592	0.670	5.958	0.337	14.385	0.871	9.8
SE582665-111706	1985-01-04	7.50	22.997	8.066	0.593	0.670	6.011	0.339	14.231	0.883	9.8
SE582665-111706	1985-01-04	8.50	23.902	7.867	0.598	0.667	6.268	0.339	13.539	0.893	9.8
SE582665-111706	1985-01-04	9.50	24.190	7.814	0.599	0.666	6.363	0.338	13.314	0.898	9.8
SE582665-111706	1985-01-04	20.50	25.403	7.652	0.588	0.651	6.673	0.330	12.279	0.942	9.8
SE582665-111706	1985-01-04	21.00	25.403	7.652	0.588	0.651	6.673	0.330	12.279	0.942	9.8
SE582665-111706	1985-01-05	0.00	22.820	8.345	0.593	0.671	6.114	0.335	14.277	0.915	***
SE582665-111706	1985-01-05	0.25	22.820	8.345	0.593	0.671	6.114	0.335	14.277	0.915	***
SE582665-111706	1985-01-05	0.75	22.820	8.343	0.593	0.672	6.114	0.335	14.302	0.929	***
SE582665-111706	1985-01-05	1.25	22.820	8.342	0.593	0.672	6.113	0.335	14.304	0.928	***
SE582665-111706	1985-01-05	1.75	22.821	8.341	0.593	0.672	6.113	0.335	14.306	0.928	***
SE582665-111706	1985-01-05	2.25	22.821	8.340	0.593	0.672	6.114	0.335	14.307	0.928	***
SE582665-111706	1985-01-05	2.75	22.821	8.339	0.593	0.672	6.114	0.335	14.309	0.928	***
SE582665-111706	1985-01-05	3.25	22.821	8.339	0.593	0.672	6.114	0.335	14.310	0.927	***
SE582665-111706	1985-01-05	3.75	22.822	8.338	0.593	0.672	6.115	0.335	14.312	0.927	***
SE582665-111706	1985-01-05	4.50	22.822	8.337	0.593	0.672	6.116	0.335	14.313	0.927	***
SE582665-111706	1985-01-05	5.50	22.823	8.335	0.593	0.672	6.118	0.335	14.317	0.927	***
SE582665-111706	1985-01-05	6.50	22.825	8.333	0.593	0.672	6.117	0.335	14.316	0.927	***
SE582665-111706	1985-01-05	7.50	22.833	8.326	0.593	0.672	6.116	0.334	14.309	0.927	***
SE582665-111706	1985-01-05	8.50	22.993	8.222	0.594	0.673	6.138	0.334	14.087	0.943	***
SE582665-111706	1985-01-05	9.50	23.340	8.071	0.596	0.672	6.213	0.331	13.800	0.942	***
SE582665-111706	1985-01-05	20.50	25.365	7.704	0.579	0.652	6.526	0.338	12.373	0.960	***
SE582665-111706	1985-01-05	21.00	25.365	7.704	0.579	0.652	6.526	0.338	12.373	0.960	***
SE582665-111706	1985-01-06	0.00	22.256	8.288	0.603	0.684	6.074	0.329	13.959	1.033	***
SE582665-111706	1985-01-06	0.25	22.256	8.288	0.603	0.684	6.074	0.329	13.959	1.033	***
SE582665-111706	1985-01-06	0.75	22.219	8.286	0.604	0.687	6.067	0.327	13.989	1.057	***
SE582665-111706	1985-01-06	1.25	22.345	8.299	0.601	0.684	6.081	0.325	13.996	1.050	***
SE582665-111706	1985-01-06	1.75	22.441	8.310	0.599	0.682	6.095	0.324	14.012	1.044	***
SE582665-111706	1985-01-06	2.25	22.512	8.319	0.598	0.681	6.107	0.323	14.031	1.039	***
SE582665-111706	1985-01-06	2.75	22.563	8.325	0.597	0.680	6.118	0.323	14.051	1.033	***
SE582665-111706	1985-01-06	3.25	22.602	8.330	0.596	0.679	6.129	0.323	14.074	1.028	***
SE582665-111706	1985-01-06	3.75	22.634	8.334	0.595	0.679	6.146	0.323	14.105	1.022	***
SE582665-111706	1985-01-06	4.50	22.667	8.337	0.595	0.678	6.190	0.327	14.173	1.014	***
SE582665-111706	1985-01-06	5.50	22.678	8.331	0.594	0.677	6.397	0.350	14.453	1.000	***
SE582665-111706	1985-01-06	6.50	22.748	8.329	0.594	0.677	6.281	0.337	14.301	0.984	***
SE582665-111706	1985-01-06	7.50	22.993	8.258	0.596	0.676	6.246	0.328	14.090	0.957	***
SE582665-111706	1985-01-06	8.50	23.482	8.094	0.597	0.673	6.309	0.323	13.746	0.938	***
SE582665-111706	1985-01-06	9.50	23.962	7.941	0.596	0.671	6.380	0.322	13.384	0.937	***
SE582665-111706	1985-01-06	20.50	25.676	7.702	0.557	0.642	6.320	0.341	12.315	0.950	***
SE582665-111706	1985-01-06	21.00	25.676	7.702	0.557	0.642	6.320	0.341	12.315	0.950	***
SE582665-111706	1985-01-07	0.00	22.090	8.295	0.602	0.683	6.048	0.318	13.929	1.026	***
SE582665-111706	1985-01-07	0.25	22.090	8.295	0.602	0.683	6.048	0.318	13.929	1.026	***
SE582665-111706	1985-01-07	0.75	22.091	8.295	0.601	0.684	6.047	0.317	13.946	1.041	***
SE582665-111706	1985-01-07	1.25	22.149	8.299	0.599	0.685	6.020	0.310	13.929	1.077	***
SE582665-111706	1985-01-07	1.75	22.194	8.302	0.598	0.685	6.010	0.308	13.932	1.097	***
SE582665-111706	1985-01-07	2.25	22.234	8.305	0.596	0.686	6.008	0.308	13.941	1.106	***
SE582665-111706	1985-01-07	2.75	22.270	8.308	0.595	0.686	6.014	0.309	13.957	1.109	***
SE582665-111706	1985-01-07	3.25	22.300	8.311	0.593	0.685	6.026	0.311	13.975	1.109	***
SE582665-111706	1985-01-07	3.75	22.327	8.309	0.593	0.685	6.061	0.314	14.021	1.103	***
SE582665-111706	1985-01-07	4.50	22.364	8.301	0.595	0.685	6.175	0.322	14.159	1.083	***
SE582665-111706	1985-01-07	5.50	22.419	8.284	0.595	0.684	6.473	0.353	14.500	1.065	***
SE582665-111706	1985-01-07	6.50	22.577	8.270	0.592	0.681	6.269	0.332	14.190	1.056	***
SE582665-111706	1985-01-07	7.50	22.785	8.239	0.595	0.680	6.328	0.327	14.158	1.016	***
SE582665-111706	1985-01-07	8.50	23.339	8.111	0.596	0.677	6.387	0.321	13.847	0.972	***
SE582665-111706	1985-01-07	9.50	24.235	7.887	0.594	0.671	6.459	0.316	13.261	0.935	***
SE582665-111706	1985-01-07	20.50	25.789	7.700	0.541	0.636	6.146	0.343	12.388	0.943	***
SE582665-111706	1985-01-07	21.00	25.789	7.700	0.541	0.636	6.146	0.343	12.388	0.943	***
SE582665-111706	1985-01-08	0.00	21.995	8.332	0.598	0.686	6.017	0.292	14.001	1.098	***
SE582665-111706	1985-01-08	0.25	21.995	8.332	0.598	0.686	6.017	0.292	14.001	1.098	***
SE582665-111706	1985-01-08	0.75	21.983	8.333	0.599	0.688	6.014	0.290	14.025	1.117	***
SE582665-111706	1985-01-08	1.25	22.065	8.328	0.597	0.686	6.026	0.289	14.007	1.118	***
SE582665-111706	1985-01-08	1.75	22.128	8.324	0.595	0.685	6.040	0.289	14.003	1.120	***
SE582665-111706	1985-01-08	2.25	22.174	8.320	0.594	0.684	6.057	0.289	14.010	1.121	***
SE582665-111706	1985-01-08	2.75	22.210	8.315	0.594	0.684	6.080	0.291	14.031	1.122	***
SE582665-111706	1985-01-08	3.25	22.240	8.310	0.593	0.684	6.113	0.294	14.067	1.122	***
SE582665-111706	1985-01-08	3.75	22.269	8.303	0.593	0.684	6.167	0.301	14.129	1.120	***
SE582665-111706	1985-01-08	4.50	22.325	8.287	0.591	0.684	6.318	0.319	14.304	1.114	***
SE582665-111706	1985-01-08	5.50	22.422	8.250	0.588	0.682	6.737	0.367	14.770	1.099	***
SE582665-111706	1985-01-08	6.50	22.689	8.219	0.589	0.681	6.411	0.327	14.262	1.076	***
SE582665-111706	1985-01-08	7.50	23.019	8.151	0.585	0.678	6.269	0.314	13.921	1.055	***
SE582665-111706	1985-01-08	8.50	23.683	8.015	0.590	0.675	6.381	0.308	13.599	0.999	***
SE582665-111706	1985-01-08	9.50	24.386	7.866	0.585	0.670	6.412	0.308	13.194	0.963	***
SE582665-111706	1985-01-08	20.50	25.785	7.616	0.562	0.657	6.372	0.338	12.621	0.913	***
SE582665-111706	1985-01-08	21.00	25.785	7.616	0.562	0.657	6.372	0.338	12.621	0.913	***
