EUCD	YYYY-MM-DD	Djup(m)	Salt (psu o/oo)	O2 (ml/l)	PO4 (µmol/l)	TotP (µmol/l)	NO3 (µmol/l)	NH4 (µmol/l)	TotN (µmol/l)	Chla (ug/l)	Siktdjup (m)
SE585290-110830	1985-01-01	0.00	20.000	8.036	0.501	0.619	3.010	0.101	18.407	0.290	6.8
SE585290-110830	1985-01-01	0.25	20.000	8.036	0.501	0.619	3.010	0.101	18.407	0.290	6.8
SE585290-110830	1985-01-01	0.75	20.000	8.034	0.501	0.621	3.010	0.101	18.434	0.295	6.8
SE585290-110830	1985-01-01	1.25	20.000	8.032	0.501	0.621	3.010	0.101	18.434	0.295	6.8
SE585290-110830	1985-01-01	1.75	20.000	8.031	0.501	0.621	3.010	0.101	18.434	0.295	6.8
SE585290-110830	1985-01-01	2.25	20.000	8.030	0.501	0.621	3.010	0.101	18.434	0.295	6.8
SE585290-110830	1985-01-01	2.75	20.000	8.030	0.501	0.621	3.010	0.101	18.434	0.295	6.8
SE585290-110830	1985-01-01	3.25	20.000	8.029	0.501	0.621	3.010	0.101	18.435	0.295	6.8
SE585290-110830	1985-01-01	3.75	20.000	8.029	0.501	0.621	3.011	0.101	18.435	0.295	6.8
SE585290-110830	1985-01-01	4.50	20.000	8.028	0.501	0.621	3.010	0.101	18.435	0.295	6.8
SE585290-110830	1985-01-01	5.50	20.000	8.028	0.501	0.621	3.010	0.101	18.435	0.295	6.8
SE585290-110830	1985-01-01	6.50	20.000	8.027	0.501	0.621	3.010	0.101	18.435	0.295	6.8
SE585290-110830	1985-01-01	7.50	20.000	8.026	0.501	0.621	3.010	0.101	18.435	0.295	6.8
SE585290-110830	1985-01-01	8.50	20.000	8.026	0.501	0.621	3.010	0.101	18.435	0.295	6.8
SE585290-110830	1985-01-01	9.50	20.000	8.025	0.501	0.621	3.011	0.101	18.436	0.295	6.8
SE585290-110830	1985-01-01	26.50	20.000	7.976	0.506	0.626	3.069	0.100	18.488	0.296	6.8
SE585290-110830	1985-01-01	27.00	20.000	7.976	0.506	0.626	3.069	0.100	18.488	0.296	6.8
SE585290-110830	1985-01-02	0.00	20.000	8.068	0.503	0.620	3.037	0.102	18.417	0.286	6.9
SE585290-110830	1985-01-02	0.25	20.000	8.068	0.503	0.620	3.037	0.102	18.417	0.286	6.9
SE585290-110830	1985-01-02	0.75	20.000	8.068	0.503	0.622	3.036	0.101	18.441	0.291	6.9
SE585290-110830	1985-01-02	1.25	20.000	8.067	0.503	0.622	3.036	0.101	18.441	0.291	6.9
SE585290-110830	1985-01-02	1.75	20.000	8.067	0.503	0.622	3.036	0.101	18.441	0.291	6.9
SE585290-110830	1985-01-02	2.25	20.000	8.067	0.503	0.622	3.036	0.101	18.441	0.291	6.9
SE585290-110830	1985-01-02	2.75	20.000	8.067	0.503	0.622	3.036	0.101	18.441	0.291	6.9
SE585290-110830	1985-01-02	3.25	20.000	8.067	0.503	0.622	3.036	0.101	18.441	0.291	6.9
SE585290-110830	1985-01-02	3.75	20.000	8.067	0.503	0.622	3.037	0.101	18.442	0.291	6.9
SE585290-110830	1985-01-02	4.50	20.000	8.067	0.503	0.622	3.036	0.101	18.441	0.291	6.9
SE585290-110830	1985-01-02	5.50	20.000	8.067	0.503	0.622	3.036	0.101	18.442	0.291	6.9
SE585290-110830	1985-01-02	6.50	20.000	8.067	0.503	0.622	3.036	0.101	18.442	0.291	6.9
SE585290-110830	1985-01-02	7.50	20.000	8.067	0.503	0.622	3.036	0.101	18.442	0.291	6.9
SE585290-110830	1985-01-02	8.50	20.000	8.067	0.503	0.622	3.036	0.101	18.442	0.291	6.9
SE585290-110830	1985-01-02	9.50	20.000	8.066	0.503	0.622	3.037	0.101	18.443	0.291	6.9
SE585290-110830	1985-01-02	26.50	20.000	8.062	0.504	0.623	3.050	0.101	18.452	0.292	6.9
SE585290-110830	1985-01-02	27.00	20.000	8.062	0.504	0.623	3.050	0.101	18.452	0.292	6.9
SE585290-110830	1985-01-03	0.00	19.995	8.076	0.506	0.622	3.070	0.102	18.440	0.283	6.9
SE585290-110830	1985-01-03	0.25	19.995	8.076	0.506	0.622	3.070	0.102	18.440	0.283	6.9
SE585290-110830	1985-01-03	0.75	19.995	8.075	0.506	0.623	3.069	0.102	18.460	0.288	6.9
SE585290-110830	1985-01-03	1.25	19.995	8.074	0.506	0.623	3.069	0.102	18.460	0.288	6.9
SE585290-110830	1985-01-03	1.75	19.995	8.074	0.506	0.623	3.069	0.102	18.460	0.288	6.9
SE585290-110830	1985-01-03	2.25	19.995	8.073	0.506	0.623	3.069	0.102	18.460	0.288	6.9
SE585290-110830	1985-01-03	2.75	19.995	8.073	0.506	0.623	3.069	0.102	18.460	0.288	6.9
SE585290-110830	1985-01-03	3.25	19.995	8.073	0.506	0.623	3.069	0.102	18.460	0.288	6.9
SE585290-110830	1985-01-03	3.75	19.995	8.072	0.506	0.623	3.070	0.102	18.460	0.288	6.9
SE585290-110830	1985-01-03	4.50	19.996	8.072	0.506	0.623	3.069	0.102	18.460	0.288	6.9
SE585290-110830	1985-01-03	5.50	19.996	8.072	0.506	0.623	3.069	0.102	18.460	0.288	6.9
SE585290-110830	1985-01-03	6.50	19.996	8.072	0.506	0.623	3.069	0.102	18.460	0.288	6.9
SE585290-110830	1985-01-03	7.50	19.996	8.071	0.506	0.623	3.069	0.102	18.460	0.288	6.9
SE585290-110830	1985-01-03	8.50	19.996	8.071	0.506	0.623	3.069	0.102	18.460	0.288	6.9
SE585290-110830	1985-01-03	9.50	19.997	8.070	0.506	0.623	3.070	0.102	18.460	0.288	6.9
SE585290-110830	1985-01-03	26.50	21.703	7.793	0.514	0.623	3.585	0.106	17.324	0.250	6.9
SE585290-110830	1985-01-03	27.00	21.703	7.793	0.514	0.623	3.585	0.106	17.324	0.250	6.9
SE585290-110830	1985-01-04	0.00	20.707	8.136	0.510	0.622	3.312	0.106	17.959	0.276	7.2
SE585290-110830	1985-01-04	0.25	20.707	8.136	0.510	0.622	3.312	0.106	17.959	0.276	7.2
SE585290-110830	1985-01-04	0.75	20.710	8.132	0.510	0.623	3.313	0.106	17.976	0.281	7.2
SE585290-110830	1985-01-04	1.25	20.714	8.129	0.510	0.623	3.314	0.106	17.973	0.281	7.2
SE585290-110830	1985-01-04	1.75	20.721	8.126	0.510	0.623	3.316	0.106	17.968	0.281	7.2
SE585290-110830	1985-01-04	2.25	20.733	8.121	0.510	0.623	3.320	0.106	17.959	0.280	7.2
SE585290-110830	1985-01-04	2.75	20.757	8.113	0.510	0.623	3.327	0.106	17.943	0.280	7.2
SE585290-110830	1985-01-04	3.25	20.806	8.099	0.511	0.623	3.343	0.106	17.909	0.279	7.2
SE585290-110830	1985-01-04	3.75	20.944	8.066	0.511	0.623	3.387	0.107	17.816	0.277	7.2
SE585290-110830	1985-01-04	4.50	21.458	7.956	0.514	0.623	3.550	0.110	17.467	0.268	7.2
SE585290-110830	1985-01-04	5.50	21.919	7.891	0.516	0.622	3.702	0.114	17.150	0.263	7.2
SE585290-110830	1985-01-04	6.50	22.178	7.876	0.517	0.622	3.793	0.117	16.967	0.265	7.2
SE585290-110830	1985-01-04	7.50	22.372	7.872	0.518	0.622	3.864	0.120	16.826	0.268	7.2
SE585290-110830	1985-01-04	8.50	22.552	7.869	0.519	0.621	3.931	0.123	16.695	0.273	7.2
SE585290-110830	1985-01-04	9.50	22.725	7.867	0.520	0.621	3.996	0.126	16.567	0.276	7.2
SE585290-110830	1985-01-04	26.50	23.546	7.765	0.528	0.623	4.314	0.136	16.025	0.274	7.2
SE585290-110830	1985-01-04	27.00	23.546	7.765	0.528	0.623	4.314	0.136	16.025	0.274	7.2
SE585290-110830	1985-01-05	0.00	22.866	8.060	0.522	0.620	4.118	0.137	16.423	0.293	8.2
SE585290-110830	1985-01-05	0.25	22.866	8.060	0.522	0.620	4.118	0.137	16.423	0.293	8.2
SE585290-110830	1985-01-05	0.75	22.867	8.057	0.522	0.621	4.119	0.136	16.439	0.297	8.2
SE585290-110830	1985-01-05	1.25	22.871	8.055	0.522	0.621	4.120	0.137	16.436	0.297	8.2
SE585290-110830	1985-01-05	1.75	22.876	8.052	0.522	0.621	4.122	0.137	16.432	0.297	8.2
SE585290-110830	1985-01-05	2.25	22.886	8.048	0.522	0.621	4.126	0.137	16.424	0.298	8.2
SE585290-110830	1985-01-05	2.75	22.912	8.041	0.523	0.621	4.137	0.137	16.405	0.298	8.2
SE585290-110830	1985-01-05	3.25	23.001	8.019	0.523	0.621	4.175	0.140	16.336	0.300	8.2
SE585290-110830	1985-01-05	3.75	23.213	7.978	0.524	0.621	4.267	0.145	16.174	0.303	8.2
SE585290-110830	1985-01-05	4.50	23.453	7.947	0.526	0.621	4.375	0.153	15.985	0.308	8.2
SE585290-110830	1985-01-05	5.50	23.664	7.943	0.527	0.620	4.483	0.162	15.806	0.317	8.2
SE585290-110830	1985-01-05	6.50	23.734	7.958	0.527	0.620	4.533	0.168	15.732	0.326	8.2
SE585290-110830	1985-01-05	7.50	23.779	7.976	0.527	0.620	4.570	0.172	15.677	0.336	8.2
SE585290-110830	1985-01-05	8.50	23.817	7.993	0.527	0.620	4.603	0.176	15.629	0.348	8.2
SE585290-110830	1985-01-05	9.50	23.852	8.009	0.527	0.619	4.632	0.179	15.584	0.359	8.2
SE585290-110830	1985-01-05	26.50	24.022	8.090	0.527	0.618	4.793	0.201	15.349	0.400	8.2
SE585290-110830	1985-01-05	27.00	24.022	8.090	0.527	0.618	4.793	0.201	15.349	0.400	8.2
SE585290-110830	1985-01-06	0.00	23.425	8.053	0.526	0.619	4.454	0.164	15.939	0.331	8.7
SE585290-110830	1985-01-06	0.25	23.425	8.053	0.526	0.619	4.454	0.164	15.939	0.331	8.7
SE585290-110830	1985-01-06	0.75	23.430	8.052	0.526	0.619	4.457	0.164	15.946	0.336	8.7
SE585290-110830	1985-01-06	1.25	23.530	8.043	0.527	0.620	4.498	0.165	15.859	0.346	8.7
SE585290-110830	1985-01-06	1.75	23.611	8.039	0.527	0.620	4.538	0.167	15.789	0.353	8.7
SE585290-110830	1985-01-06	2.25	23.755	8.036	0.527	0.620	4.616	0.173	15.661	0.366	8.7
SE585290-110830	1985-01-06	2.75	23.835	8.040	0.528	0.621	4.666	0.178	15.586	0.374	8.7
SE585290-110830	1985-01-06	3.25	23.892	8.048	0.528	0.621	4.707	0.183	15.528	0.380	8.7
SE585290-110830	1985-01-06	3.75	23.935	8.057	0.528	0.621	4.741	0.187	15.481	0.385	8.7
SE585290-110830	1985-01-06	4.50	23.972	8.069	0.528	0.621	4.772	0.191	15.434	0.390	8.7
SE585290-110830	1985-01-06	5.50	24.018	8.090	0.528	0.620	4.817	0.198	15.369	0.398	8.7
SE585290-110830	1985-01-06	6.50	24.053	8.109	0.528	0.620	4.855	0.204	15.314	0.405	8.7
SE585290-110830	1985-01-06	7.50	24.078	8.126	0.528	0.619	4.886	0.208	15.266	0.414	8.7
SE585290-110830	1985-01-06	8.50	24.095	8.141	0.527	0.619	4.909	0.212	15.227	0.424	8.7
SE585290-110830	1985-01-06	9.50	24.106	8.151	0.527	0.619	4.925	0.214	15.200	0.432	8.7
SE585290-110830	1985-01-06	26.50	24.172	8.192	0.526	0.618	5.082	0.237	14.983	0.500	8.7
SE585290-110830	1985-01-06	27.00	24.172	8.192	0.526	0.618	5.082	0.237	14.983	0.500	8.7
SE585290-110830	1985-01-07	0.00	23.928	8.219	0.528	0.619	4.823	0.195	15.391	0.414	9.2
SE585290-110830	1985-01-07	0.25	23.928	8.219	0.528	0.619	4.823	0.195	15.391	0.414	9.2
SE585290-110830	1985-01-07	0.75	23.928	8.217	0.528	0.620	4.823	0.195	15.408	0.420	9.2
SE585290-110830	1985-01-07	1.25	23.929	8.216	0.528	0.620	4.824	0.195	15.406	0.420	9.2
SE585290-110830	1985-01-07	1.75	23.930	8.215	0.528	0.620	4.824	0.195	15.405	0.421	9.2
SE585290-110830	1985-01-07	2.25	23.931	8.214	0.528	0.620	4.825	0.195	15.404	0.421	9.2
SE585290-110830	1985-01-07	2.75	23.932	8.213	0.528	0.620	4.826	0.195	15.402	0.421	9.2
SE585290-110830	1985-01-07	3.25	23.935	8.211	0.528	0.620	4.828	0.196	15.398	0.422	9.2
SE585290-110830	1985-01-07	3.75	23.940	8.209	0.528	0.620	4.833	0.196	15.392	0.423	9.2
SE585290-110830	1985-01-07	4.50	23.954	8.203	0.528	0.620	4.844	0.197	15.373	0.425	9.2
SE585290-110830	1985-01-07	5.50	23.997	8.191	0.528	0.620	4.884	0.202	15.313	0.434	9.2
SE585290-110830	1985-01-07	6.50	24.033	8.187	0.528	0.620	4.920	0.207	15.258	0.442	9.2
SE585290-110830	1985-01-07	7.50	24.115	8.188	0.527	0.620	5.010	0.220	15.122	0.463	9.2
SE585290-110830	1985-01-07	8.50	24.170	8.201	0.527	0.620	5.077	0.230	15.018	0.481	9.2
SE585290-110830	1985-01-07	9.50	24.211	8.218	0.526	0.619	5.129	0.239	14.928	0.499	9.2
SE585290-110830	1985-01-07	26.50	24.354	8.291	0.520	0.617	5.282	0.264	14.588	0.591	9.2
SE585290-110830	1985-01-07	27.00	24.354	8.291	0.520	0.617	5.282	0.264	14.588	0.591	9.2
SE585290-110830	1985-01-08	0.00	23.893	8.212	0.528	0.617	4.873	0.201	15.385	0.428	9.3
SE585290-110830	1985-01-08	0.25	23.893	8.212	0.528	0.617	4.873	0.201	15.385	0.428	9.3
SE585290-110830	1985-01-08	0.75	23.893	8.212	0.528	0.618	4.873	0.200	15.394	0.435	9.3
SE585290-110830	1985-01-08	1.25	23.962	8.210	0.527	0.619	4.897	0.198	15.312	0.453	9.3
SE585290-110830	1985-01-08	1.75	24.005	8.209	0.527	0.619	4.924	0.199	15.259	0.466	9.3
SE585290-110830	1985-01-08	2.25	24.041	8.210	0.527	0.620	4.956	0.203	15.204	0.476	9.3
SE585290-110830	1985-01-08	2.75	24.076	8.212	0.526	0.620	4.993	0.209	15.141	0.488	9.3
SE585290-110830	1985-01-08	3.25	24.109	8.218	0.525	0.620	5.036	0.215	15.065	0.504	9.3
SE585290-110830	1985-01-08	3.75	24.138	8.226	0.524	0.620	5.084	0.224	14.969	0.527	9.3
SE585290-110830	1985-01-08	4.50	24.169	8.233	0.523	0.619	5.121	0.230	14.897	0.541	9.3
SE585290-110830	1985-01-08	5.50	24.210	8.245	0.521	0.619	5.172	0.239	14.798	0.562	9.3
SE585290-110830	1985-01-08	6.50	24.242	8.256	0.520	0.618	5.210	0.246	14.718	0.580	9.3
SE585290-110830	1985-01-08	7.50	24.268	8.265	0.520	0.618	5.233	0.249	14.681	0.584	9.3
SE585290-110830	1985-01-08	8.50	24.287	8.272	0.519	0.618	5.253	0.252	14.648	0.590	9.3
SE585290-110830	1985-01-08	9.50	24.301	8.277	0.520	0.618	5.266	0.254	14.635	0.588	9.3
SE585290-110830	1985-01-08	26.50	24.357	8.250	0.528	0.626	5.415	0.268	14.635	0.576	9.3
SE585290-110830	1985-01-08	27.00	24.357	8.250	0.528	0.626	5.415	0.268	14.635	0.576	9.3
