EUCD	YYYY-MM-DD	Djup(m)	Salt (psu o/oo)	O2 (ml/l)	PO4 (µmol/l)	TotP (µmol/l)	NO3 (µmol/l)	NH4 (µmol/l)	TotN (µmol/l)	Chla (ug/l)	Siktdjup (m)
SE575747-113237	1985-01-01	0.00	20.000	8.043	0.501	0.619	3.012	0.101	18.409	0.290	6.8
SE575747-113237	1985-01-01	0.25	20.000	8.043	0.501	0.619	3.012	0.101	18.409	0.290	6.8
SE575747-113237	1985-01-01	0.75	20.000	8.040	0.501	0.621	3.011	0.101	18.436	0.295	6.8
SE575747-113237	1985-01-01	1.25	20.000	8.039	0.501	0.621	3.010	0.101	18.435	0.295	6.8
SE575747-113237	1985-01-01	1.75	20.000	8.038	0.501	0.621	3.011	0.101	18.435	0.295	6.8
SE575747-113237	1985-01-01	2.25	20.000	8.037	0.501	0.621	3.011	0.101	18.435	0.295	6.8
SE575747-113237	1985-01-01	2.75	20.000	8.036	0.501	0.621	3.011	0.101	18.435	0.295	6.8
SE575747-113237	1985-01-01	3.25	20.000	8.036	0.501	0.621	3.011	0.101	18.435	0.295	6.8
SE575747-113237	1985-01-01	3.75	20.000	8.035	0.501	0.621	3.012	0.101	18.436	0.295	6.8
SE575747-113237	1985-01-01	4.50	20.000	8.034	0.501	0.621	3.011	0.101	18.435	0.295	6.8
SE575747-113237	1985-01-01	5.50	20.000	8.034	0.501	0.621	3.011	0.101	18.435	0.295	6.8
SE575747-113237	1985-01-01	6.50	20.000	8.033	0.501	0.621	3.011	0.101	18.435	0.295	6.8
SE575747-113237	1985-01-01	7.50	20.000	8.032	0.501	0.621	3.011	0.101	18.436	0.295	6.8
SE575747-113237	1985-01-01	8.50	20.000	8.031	0.501	0.621	3.011	0.101	18.436	0.295	6.8
SE575747-113237	1985-01-01	9.50	20.000	8.031	0.501	0.621	3.012	0.101	18.436	0.295	6.8
SE575747-113237	1985-01-01	25.50	20.000	7.977	0.506	0.626	3.067	0.100	18.487	0.296	6.8
SE575747-113237	1985-01-01	26.00	20.000	7.977	0.506	0.626	3.067	0.100	18.487	0.296	6.8
SE575747-113237	1985-01-02	0.00	20.000	8.115	0.503	0.621	3.040	0.103	18.423	0.290	6.9
SE575747-113237	1985-01-02	0.25	20.000	8.115	0.503	0.621	3.040	0.103	18.423	0.290	6.9
SE575747-113237	1985-01-02	0.75	20.000	8.114	0.503	0.622	3.039	0.103	18.446	0.295	6.9
SE575747-113237	1985-01-02	1.25	20.000	8.114	0.503	0.622	3.038	0.103	18.445	0.295	6.9
SE575747-113237	1985-01-02	1.75	20.000	8.113	0.503	0.622	3.038	0.103	18.445	0.295	6.9
SE575747-113237	1985-01-02	2.25	20.000	8.113	0.503	0.622	3.038	0.103	18.445	0.295	6.9
SE575747-113237	1985-01-02	2.75	20.000	8.113	0.503	0.622	3.038	0.103	18.445	0.295	6.9
SE575747-113237	1985-01-02	3.25	20.000	8.112	0.503	0.622	3.038	0.103	18.445	0.295	6.9
SE575747-113237	1985-01-02	3.75	20.000	8.112	0.503	0.622	3.039	0.103	18.446	0.295	6.9
SE575747-113237	1985-01-02	4.50	20.000	8.112	0.503	0.622	3.038	0.102	18.445	0.295	6.9
SE575747-113237	1985-01-02	5.50	20.000	8.112	0.503	0.622	3.038	0.102	18.445	0.295	6.9
SE575747-113237	1985-01-02	6.50	20.000	8.111	0.503	0.622	3.038	0.102	18.445	0.295	6.9
SE575747-113237	1985-01-02	7.50	20.000	8.111	0.503	0.622	3.038	0.102	18.446	0.295	6.9
SE575747-113237	1985-01-02	8.50	20.000	8.111	0.503	0.622	3.038	0.102	18.446	0.295	6.9
SE575747-113237	1985-01-02	9.50	20.000	8.111	0.503	0.622	3.039	0.102	18.446	0.295	6.9
SE575747-113237	1985-01-02	25.50	20.000	8.105	0.504	0.623	3.051	0.102	18.455	0.296	6.9
SE575747-113237	1985-01-02	26.00	20.000	8.105	0.504	0.623	3.051	0.102	18.455	0.296	6.9
SE575747-113237	1985-01-03	0.00	20.124	8.138	0.533	0.641	3.672	0.159	17.588	0.458	7.4
SE575747-113237	1985-01-03	0.25	20.124	8.138	0.533	0.641	3.672	0.159	17.588	0.458	7.4
SE575747-113237	1985-01-03	0.75	20.125	8.136	0.533	0.642	3.674	0.159	17.605	0.466	7.4
SE575747-113237	1985-01-03	1.25	20.126	8.135	0.533	0.642	3.678	0.159	17.596	0.468	7.4
SE575747-113237	1985-01-03	1.75	20.129	8.133	0.533	0.643	3.685	0.159	17.584	0.470	7.4
SE575747-113237	1985-01-03	2.25	20.133	8.131	0.534	0.643	3.698	0.161	17.562	0.474	7.4
SE575747-113237	1985-01-03	2.75	20.143	8.127	0.536	0.644	3.730	0.163	17.511	0.484	7.4
SE575747-113237	1985-01-03	3.25	20.175	8.116	0.541	0.648	3.832	0.172	17.350	0.515	7.4
SE575747-113237	1985-01-03	3.75	20.279	8.085	0.558	0.661	4.171	0.201	16.826	0.616	7.4
SE575747-113237	1985-01-03	4.50	20.358	8.069	0.571	0.670	4.438	0.225	16.420	0.699	7.4
SE575747-113237	1985-01-03	5.50	20.409	8.068	0.580	0.677	4.620	0.241	16.150	0.758	7.4
SE575747-113237	1985-01-03	6.50	20.461	8.082	0.586	0.681	4.724	0.250	16.017	0.794	7.4
SE575747-113237	1985-01-03	7.50	20.482	8.087	0.589	0.684	4.796	0.256	15.911	0.820	7.4
SE575747-113237	1985-01-03	8.50	20.498	8.091	0.592	0.686	4.855	0.262	15.824	0.840	7.4
SE575747-113237	1985-01-03	9.50	20.512	8.095	0.594	0.687	4.903	0.266	15.750	0.856	7.4
SE575747-113237	1985-01-03	25.50	20.583	8.108	0.607	0.695	5.159	0.292	15.371	0.932	7.4
SE575747-113237	1985-01-03	26.00	20.583	8.108	0.607	0.695	5.159	0.292	15.371	0.932	7.4
SE575747-113237	1985-01-04	0.00	20.579	8.275	0.605	0.692	5.152	0.273	15.442	0.905	8.9
SE575747-113237	1985-01-04	0.25	20.579	8.275	0.605	0.692	5.152	0.273	15.442	0.905	8.9
SE575747-113237	1985-01-04	0.75	20.579	8.272	0.605	0.694	5.152	0.273	15.469	0.920	8.9
SE575747-113237	1985-01-04	1.25	20.579	8.271	0.604	0.694	5.152	0.273	15.467	0.920	8.9
SE575747-113237	1985-01-04	1.75	20.580	8.269	0.605	0.694	5.152	0.273	15.466	0.920	8.9
SE575747-113237	1985-01-04	2.25	20.580	8.268	0.605	0.694	5.153	0.273	15.465	0.920	8.9
SE575747-113237	1985-01-04	2.75	20.580	8.267	0.605	0.694	5.154	0.273	15.464	0.921	8.9
SE575747-113237	1985-01-04	3.25	20.581	8.266	0.605	0.694	5.155	0.273	15.462	0.921	8.9
SE575747-113237	1985-01-04	3.75	20.582	8.265	0.605	0.694	5.157	0.273	15.461	0.921	8.9
SE575747-113237	1985-01-04	4.50	20.583	8.264	0.605	0.694	5.158	0.273	15.457	0.922	8.9
SE575747-113237	1985-01-04	5.50	20.585	8.261	0.605	0.694	5.163	0.273	15.449	0.924	8.9
SE575747-113237	1985-01-04	6.50	20.589	8.259	0.605	0.695	5.171	0.274	15.438	0.926	8.9
SE575747-113237	1985-01-04	7.50	20.596	8.254	0.606	0.695	5.186	0.275	15.417	0.931	8.9
SE575747-113237	1985-01-04	8.50	20.612	8.247	0.608	0.696	5.218	0.277	15.372	0.940	8.9
SE575747-113237	1985-01-04	9.50	20.649	8.231	0.612	0.699	5.294	0.283	15.265	0.963	8.9
SE575747-113237	1985-01-04	25.50	20.975	8.163	0.642	0.721	5.892	0.333	14.438	1.128	8.9
SE575747-113237	1985-01-04	26.00	20.975	8.163	0.642	0.721	5.892	0.333	14.438	1.128	8.9
SE575747-113237	1985-01-05	0.00	20.901	8.382	0.631	0.711	5.710	0.298	14.713	1.052	9.5
SE575747-113237	1985-01-05	0.25	20.901	8.382	0.631	0.711	5.710	0.298	14.713	1.052	9.5
SE575747-113237	1985-01-05	0.75	20.902	8.379	0.631	0.713	5.710	0.297	14.744	1.068	9.5
SE575747-113237	1985-01-05	1.25	20.902	8.378	0.630	0.713	5.709	0.297	14.743	1.069	9.5
SE575747-113237	1985-01-05	1.75	20.903	8.376	0.631	0.713	5.710	0.297	14.742	1.069	9.5
SE575747-113237	1985-01-05	2.25	20.903	8.375	0.631	0.713	5.710	0.297	14.741	1.069	9.5
SE575747-113237	1985-01-05	2.75	20.904	8.374	0.631	0.713	5.711	0.297	14.740	1.069	9.5
SE575747-113237	1985-01-05	3.25	20.905	8.372	0.631	0.713	5.712	0.298	14.739	1.069	9.5
SE575747-113237	1985-01-05	3.75	20.906	8.371	0.631	0.713	5.714	0.298	14.737	1.070	9.5
SE575747-113237	1985-01-05	4.50	20.908	8.368	0.631	0.713	5.716	0.298	14.733	1.071	9.5
SE575747-113237	1985-01-05	5.50	20.915	8.362	0.631	0.714	5.723	0.298	14.722	1.073	9.5
SE575747-113237	1985-01-05	6.50	20.938	8.346	0.633	0.715	5.747	0.300	14.691	1.080	9.5
SE575747-113237	1985-01-05	7.50	21.032	8.292	0.638	0.719	5.848	0.307	14.562	1.108	9.5
SE575747-113237	1985-01-05	8.50	21.185	8.218	0.648	0.727	6.032	0.319	14.325	1.159	9.5
SE575747-113237	1985-01-05	9.50	21.216	8.212	0.649	0.729	6.067	0.322	14.284	1.171	9.5
SE575747-113237	1985-01-05	25.50	21.255	8.230	0.651	0.729	6.109	0.326	14.246	1.176	9.5
SE575747-113237	1985-01-05	26.00	21.255	8.230	0.651	0.729	6.109	0.326	14.246	1.176	9.5
SE575747-113237	1985-01-06	0.00	21.048	8.372	0.637	0.715	5.913	0.291	14.502	1.097	9.8
SE575747-113237	1985-01-06	0.25	21.048	8.372	0.637	0.715	5.913	0.291	14.502	1.097	9.8
SE575747-113237	1985-01-06	0.75	21.047	8.372	0.637	0.717	5.912	0.291	14.533	1.115	9.8
SE575747-113237	1985-01-06	1.25	21.049	8.371	0.638	0.717	5.912	0.291	14.525	1.117	9.8
SE575747-113237	1985-01-06	1.75	21.054	8.368	0.638	0.718	5.915	0.290	14.514	1.122	9.8
SE575747-113237	1985-01-06	2.25	21.066	8.360	0.639	0.719	5.926	0.290	14.490	1.132	9.8
SE575747-113237	1985-01-06	2.75	21.094	8.340	0.641	0.721	5.957	0.291	14.444	1.147	9.8
SE575747-113237	1985-01-06	3.25	21.128	8.316	0.643	0.723	5.997	0.294	14.397	1.159	9.8
SE575747-113237	1985-01-06	3.75	21.160	8.296	0.645	0.725	6.038	0.297	14.354	1.170	9.8
SE575747-113237	1985-01-06	4.50	21.182	8.283	0.646	0.726	6.069	0.299	14.323	1.180	9.8
SE575747-113237	1985-01-06	5.50	21.208	8.274	0.647	0.728	6.113	0.302	14.284	1.194	9.8
SE575747-113237	1985-01-06	6.50	21.259	8.288	0.649	0.730	6.134	0.303	14.292	1.202	9.8
SE575747-113237	1985-01-06	7.50	21.267	8.275	0.650	0.730	6.135	0.304	14.283	1.195	9.8
SE575747-113237	1985-01-06	8.50	21.271	8.272	0.650	0.731	6.137	0.305	14.284	1.191	9.8
SE575747-113237	1985-01-06	9.50	21.273	8.271	0.651	0.731	6.141	0.306	14.287	1.187	9.8
SE575747-113237	1985-01-06	25.50	21.284	8.220	0.665	0.741	6.296	0.322	14.369	1.134	9.8
SE575747-113237	1985-01-06	26.00	21.284	8.220	0.665	0.741	6.296	0.322	14.369	1.134	9.8
SE575747-113237	1985-01-07	0.00	21.151	8.444	0.642	0.721	6.070	0.276	14.380	1.168	9.8
SE575747-113237	1985-01-07	0.25	21.151	8.444	0.642	0.721	6.070	0.276	14.380	1.168	9.8
SE575747-113237	1985-01-07	0.75	21.151	8.442	0.642	0.723	6.070	0.276	14.416	1.186	9.8
SE575747-113237	1985-01-07	1.25	21.151	8.441	0.642	0.723	6.069	0.276	14.415	1.186	9.8
SE575747-113237	1985-01-07	1.75	21.151	8.440	0.642	0.723	6.069	0.276	14.414	1.186	9.8
SE575747-113237	1985-01-07	2.25	21.151	8.439	0.642	0.723	6.069	0.276	14.414	1.186	9.8
SE575747-113237	1985-01-07	2.75	21.151	8.439	0.642	0.723	6.070	0.276	14.414	1.186	9.8
SE575747-113237	1985-01-07	3.25	21.151	8.438	0.642	0.723	6.070	0.276	14.414	1.186	9.8
SE575747-113237	1985-01-07	3.75	21.151	8.437	0.642	0.723	6.070	0.276	14.414	1.186	9.8
SE575747-113237	1985-01-07	4.50	21.151	8.437	0.642	0.723	6.070	0.276	14.413	1.186	9.8
SE575747-113237	1985-01-07	5.50	21.151	8.435	0.642	0.723	6.070	0.276	14.413	1.187	9.8
SE575747-113237	1985-01-07	6.50	21.152	8.434	0.642	0.723	6.071	0.276	14.413	1.187	9.8
SE575747-113237	1985-01-07	7.50	21.153	8.432	0.642	0.723	6.073	0.276	14.413	1.188	9.8
SE575747-113237	1985-01-07	8.50	21.156	8.430	0.642	0.723	6.078	0.276	14.414	1.190	9.8
SE575747-113237	1985-01-07	9.50	21.165	8.423	0.642	0.724	6.093	0.277	14.418	1.195	9.8
SE575747-113237	1985-01-07	25.50	21.283	8.145	0.685	0.760	6.513	0.318	14.575	1.085	9.8
SE575747-113237	1985-01-07	26.00	21.283	8.145	0.685	0.760	6.513	0.318	14.575	1.085	9.8
SE575747-113237	1985-01-08	0.00	21.100	8.465	0.637	0.715	6.098	0.259	14.467	1.168	9.8
SE575747-113237	1985-01-08	0.25	21.100	8.465	0.637	0.715	6.098	0.259	14.467	1.168	9.8
SE575747-113237	1985-01-08	0.75	21.100	8.465	0.637	0.718	6.097	0.257	14.501	1.191	9.8
SE575747-113237	1985-01-08	1.25	21.109	8.463	0.637	0.719	6.095	0.255	14.480	1.205	9.8
SE575747-113237	1985-01-08	1.75	21.111	8.462	0.637	0.720	6.095	0.255	14.475	1.210	9.8
SE575747-113237	1985-01-08	2.25	21.112	8.462	0.638	0.720	6.096	0.254	14.473	1.212	9.8
SE575747-113237	1985-01-08	2.75	21.113	8.461	0.638	0.720	6.096	0.254	14.473	1.213	9.8
SE575747-113237	1985-01-08	3.25	21.113	8.461	0.638	0.720	6.096	0.254	14.472	1.214	9.8
SE575747-113237	1985-01-08	3.75	21.113	8.461	0.638	0.721	6.097	0.254	14.473	1.214	9.8
SE575747-113237	1985-01-08	4.50	21.113	8.461	0.638	0.721	6.096	0.254	14.472	1.215	9.8
SE575747-113237	1985-01-08	5.50	21.112	8.461	0.638	0.721	6.097	0.254	14.471	1.216	9.8
SE575747-113237	1985-01-08	6.50	21.115	8.461	0.638	0.721	6.101	0.254	14.474	1.218	9.8
SE575747-113237	1985-01-08	7.50	21.122	8.465	0.638	0.722	6.122	0.255	14.490	1.224	9.8
SE575747-113237	1985-01-08	8.50	21.154	8.462	0.641	0.724	6.167	0.259	14.505	1.225	9.8
SE575747-113237	1985-01-08	9.50	21.178	8.448	0.643	0.727	6.207	0.266	14.516	1.214	9.8
SE575747-113237	1985-01-08	25.50	21.283	8.086	0.701	0.776	6.689	0.314	14.743	1.040	9.8
SE575747-113237	1985-01-08	26.00	21.283	8.086	0.701	0.776	6.689	0.314	14.743	1.040	9.8
