EUCD	YYYY-MM-DD	Djup(m)	Salt (psu o/oo)	O2 (ml/l)	PO4 (µmol/l)	TotP (µmol/l)	NO3 (µmol/l)	NH4 (µmol/l)	TotN (µmol/l)	Chla (ug/l)	Siktdjup (m)
SE573322-115478	1985-01-01	0.00	20.000	8.038	0.501	0.619	3.010	0.101	18.407	0.290	6.8
SE573322-115478	1985-01-01	0.25	20.000	8.038	0.501	0.619	3.010	0.101	18.407	0.290	6.8
SE573322-115478	1985-01-01	0.75	20.000	8.035	0.501	0.621	3.010	0.101	18.435	0.295	6.8
SE573322-115478	1985-01-01	1.25	20.000	8.034	0.501	0.621	3.010	0.101	18.435	0.295	6.8
SE573322-115478	1985-01-01	1.75	20.000	8.033	0.501	0.621	3.010	0.101	18.435	0.295	6.8
SE573322-115478	1985-01-01	2.25	20.000	8.032	0.501	0.621	3.010	0.101	18.435	0.295	6.8
SE573322-115478	1985-01-01	2.75	20.000	8.031	0.501	0.621	3.010	0.101	18.435	0.295	6.8
SE573322-115478	1985-01-01	3.25	20.000	8.031	0.501	0.621	3.010	0.101	18.435	0.295	6.8
SE573322-115478	1985-01-01	3.75	20.000	8.030	0.501	0.621	3.010	0.101	18.436	0.295	6.8
SE573322-115478	1985-01-01	4.50	20.000	8.030	0.501	0.621	3.010	0.101	18.435	0.295	6.8
SE573322-115478	1985-01-01	5.50	20.000	8.029	0.501	0.621	3.010	0.101	18.436	0.295	6.8
SE573322-115478	1985-01-01	6.50	20.000	8.028	0.501	0.621	3.011	0.101	18.436	0.295	6.8
SE573322-115478	1985-01-01	7.50	20.000	8.028	0.501	0.621	3.011	0.101	18.436	0.295	6.8
SE573322-115478	1985-01-01	8.50	20.000	8.028	0.501	0.621	3.011	0.101	18.436	0.295	6.8
SE573322-115478	1985-01-01	9.50	20.000	8.027	0.501	0.621	3.012	0.101	18.437	0.295	6.8
SE573322-115478	1985-01-01	13.50	20.000	8.022	0.502	0.622	3.023	0.101	18.444	0.295	6.8
SE573322-115478	1985-01-01	14.00	20.000	8.022	0.502	0.622	3.023	0.101	18.444	0.295	6.8
SE573322-115478	1985-01-02	0.00	20.000	8.106	0.503	0.620	3.032	0.102	18.418	0.294	6.9
SE573322-115478	1985-01-02	0.25	20.000	8.106	0.503	0.620	3.032	0.102	18.418	0.294	6.9
SE573322-115478	1985-01-02	0.75	20.000	8.105	0.503	0.622	3.032	0.102	18.442	0.299	6.9
SE573322-115478	1985-01-02	1.25	20.000	8.104	0.503	0.622	3.032	0.102	18.442	0.299	6.9
SE573322-115478	1985-01-02	1.75	20.000	8.104	0.503	0.622	3.032	0.102	18.442	0.299	6.9
SE573322-115478	1985-01-02	2.25	20.000	8.104	0.503	0.622	3.032	0.102	18.443	0.299	6.9
SE573322-115478	1985-01-02	2.75	20.000	8.103	0.503	0.622	3.032	0.102	18.443	0.299	6.9
SE573322-115478	1985-01-02	3.25	20.000	8.103	0.503	0.622	3.032	0.102	18.443	0.299	6.9
SE573322-115478	1985-01-02	3.75	20.000	8.103	0.503	0.622	3.033	0.102	18.443	0.299	6.9
SE573322-115478	1985-01-02	4.50	20.000	8.103	0.503	0.622	3.032	0.102	18.443	0.299	6.9
SE573322-115478	1985-01-02	5.50	20.000	8.102	0.503	0.622	3.033	0.102	18.443	0.299	6.9
SE573322-115478	1985-01-02	6.50	20.000	8.102	0.503	0.622	3.033	0.102	18.444	0.299	6.9
SE573322-115478	1985-01-02	7.50	20.000	8.102	0.503	0.622	3.033	0.102	18.444	0.299	6.9
SE573322-115478	1985-01-02	8.50	20.000	8.101	0.503	0.622	3.033	0.102	18.444	0.299	6.9
SE573322-115478	1985-01-02	9.50	20.000	8.101	0.503	0.622	3.034	0.102	18.445	0.299	6.9
SE573322-115478	1985-01-02	13.50	20.000	8.096	0.504	0.623	3.045	0.102	18.452	0.299	6.9
SE573322-115478	1985-01-02	14.00	20.000	8.096	0.504	0.623	3.045	0.102	18.452	0.299	6.9
SE573322-115478	1985-01-03	0.00	20.093	8.166	0.528	0.638	3.672	0.158	17.790	0.445	7.3
SE573322-115478	1985-01-03	0.25	20.093	8.166	0.528	0.638	3.672	0.158	17.790	0.445	7.3
SE573322-115478	1985-01-03	0.75	20.093	8.164	0.528	0.640	3.674	0.158	17.812	0.453	7.3
SE573322-115478	1985-01-03	1.25	20.098	8.162	0.529	0.640	3.683	0.159	17.794	0.456	7.3
SE573322-115478	1985-01-03	1.75	20.104	8.159	0.530	0.641	3.696	0.160	17.771	0.461	7.3
SE573322-115478	1985-01-03	2.25	20.114	8.154	0.531	0.642	3.719	0.162	17.734	0.468	7.3
SE573322-115478	1985-01-03	2.75	20.132	8.147	0.533	0.644	3.768	0.166	17.659	0.483	7.3
SE573322-115478	1985-01-03	3.25	20.173	8.134	0.540	0.648	3.887	0.177	17.484	0.518	7.3
SE573322-115478	1985-01-03	3.75	20.322	8.093	0.563	0.666	4.347	0.217	16.830	0.652	7.3
SE573322-115478	1985-01-03	4.50	20.396	8.080	0.575	0.675	4.605	0.240	16.477	0.731	7.3
SE573322-115478	1985-01-03	5.50	20.457	8.079	0.586	0.683	4.831	0.260	16.174	0.800	7.3
SE573322-115478	1985-01-03	6.50	20.500	8.086	0.591	0.686	4.854	0.260	15.863	0.842	7.3
SE573322-115478	1985-01-03	7.50	20.524	8.090	0.595	0.688	4.928	0.266	15.726	0.869	7.3
SE573322-115478	1985-01-03	8.50	20.541	8.093	0.598	0.690	4.989	0.272	15.635	0.888	7.3
SE573322-115478	1985-01-03	9.50	20.555	8.096	0.601	0.692	5.040	0.278	15.563	0.901	7.3
SE573322-115478	1985-01-03	13.50	20.586	8.099	0.607	0.695	5.156	0.289	15.395	0.933	7.3
SE573322-115478	1985-01-03	14.00	20.586	8.099	0.607	0.695	5.156	0.289	15.395	0.933	7.3
SE573322-115478	1985-01-04	0.00	20.518	8.281	0.599	0.689	5.216	0.274	15.773	0.886	8.7
SE573322-115478	1985-01-04	0.25	20.518	8.281	0.599	0.689	5.216	0.274	15.773	0.886	8.7
SE573322-115478	1985-01-04	0.75	20.518	8.278	0.599	0.691	5.216	0.274	15.802	0.900	8.7
SE573322-115478	1985-01-04	1.25	20.521	8.276	0.599	0.691	5.219	0.274	15.795	0.902	8.7
SE573322-115478	1985-01-04	1.75	20.523	8.274	0.599	0.691	5.221	0.274	15.789	0.903	8.7
SE573322-115478	1985-01-04	2.25	20.525	8.272	0.599	0.691	5.223	0.275	15.784	0.904	8.7
SE573322-115478	1985-01-04	2.75	20.527	8.271	0.600	0.691	5.226	0.275	15.778	0.905	8.7
SE573322-115478	1985-01-04	3.25	20.529	8.270	0.600	0.692	5.229	0.275	15.772	0.906	8.7
SE573322-115478	1985-01-04	3.75	20.531	8.268	0.600	0.692	5.232	0.275	15.766	0.907	8.7
SE573322-115478	1985-01-04	4.50	20.536	8.266	0.600	0.692	5.238	0.276	15.753	0.909	8.7
SE573322-115478	1985-01-04	5.50	20.545	8.262	0.601	0.693	5.252	0.277	15.728	0.914	8.7
SE573322-115478	1985-01-04	6.50	20.562	8.255	0.603	0.694	5.273	0.279	15.677	0.923	8.7
SE573322-115478	1985-01-04	7.50	20.597	8.243	0.606	0.696	5.318	0.282	15.572	0.941	8.7
SE573322-115478	1985-01-04	8.50	20.672	8.221	0.613	0.701	5.418	0.290	15.352	0.979	8.7
SE573322-115478	1985-01-04	9.50	20.801	8.189	0.624	0.709	5.596	0.305	14.982	1.042	8.7
SE573322-115478	1985-01-04	13.50	20.949	8.169	0.636	0.717	5.787	0.321	14.639	1.100	8.7
SE573322-115478	1985-01-04	14.00	20.949	8.169	0.636	0.717	5.787	0.321	14.639	1.100	8.7
SE573322-115478	1985-01-05	0.00	20.718	8.406	0.618	0.703	5.825	0.300	15.380	1.001	9.1
SE573322-115478	1985-01-05	0.25	20.718	8.406	0.618	0.703	5.825	0.300	15.380	1.001	9.1
SE573322-115478	1985-01-05	0.75	20.718	8.403	0.618	0.705	5.825	0.300	15.416	1.018	9.1
SE573322-115478	1985-01-05	1.25	20.724	8.400	0.619	0.706	5.826	0.300	15.404	1.019	9.1
SE573322-115478	1985-01-05	1.75	20.730	8.397	0.619	0.706	5.828	0.300	15.393	1.021	9.1
SE573322-115478	1985-01-05	2.25	20.735	8.394	0.619	0.706	5.830	0.300	15.382	1.023	9.1
SE573322-115478	1985-01-05	2.75	20.741	8.391	0.620	0.707	5.832	0.300	15.369	1.025	9.1
SE573322-115478	1985-01-05	3.25	20.749	8.388	0.620	0.707	5.836	0.301	15.354	1.027	9.1
SE573322-115478	1985-01-05	3.75	20.760	8.383	0.621	0.707	5.842	0.301	15.333	1.031	9.1
SE573322-115478	1985-01-05	4.50	20.783	8.373	0.622	0.709	5.854	0.302	15.287	1.038	9.1
SE573322-115478	1985-01-05	5.50	20.851	8.344	0.627	0.712	5.900	0.306	15.151	1.062	9.1
SE573322-115478	1985-01-05	6.50	20.974	8.300	0.634	0.718	5.952	0.309	14.869	1.103	9.1
SE573322-115478	1985-01-05	7.50	21.148	8.245	0.645	0.726	6.046	0.316	14.477	1.162	9.1
SE573322-115478	1985-01-05	8.50	21.177	8.242	0.647	0.727	6.074	0.319	14.414	1.172	9.1
SE573322-115478	1985-01-05	9.50	21.188	8.244	0.648	0.728	6.091	0.320	14.391	1.176	9.1
SE573322-115478	1985-01-05	13.50	21.199	8.246	0.650	0.729	6.121	0.322	14.369	1.180	9.1
SE573322-115478	1985-01-05	14.00	21.199	8.246	0.650	0.729	6.121	0.322	14.369	1.180	9.1
SE573322-115478	1985-01-06	0.00	19.900	8.610	0.590	0.674	6.459	0.316	16.739	0.894	8.7
SE573322-115478	1985-01-06	0.25	19.900	8.610	0.590	0.674	6.459	0.316	16.739	0.894	8.7
SE573322-115478	1985-01-06	0.75	19.844	8.616	0.588	0.676	6.500	0.316	16.873	0.907	8.7
SE573322-115478	1985-01-06	1.25	20.104	8.572	0.597	0.685	6.355	0.307	16.443	0.954	8.7
SE573322-115478	1985-01-06	1.75	20.407	8.512	0.609	0.697	6.231	0.300	15.930	1.017	8.7
SE573322-115478	1985-01-06	2.25	20.604	8.466	0.618	0.705	6.198	0.299	15.579	1.066	8.7
SE573322-115478	1985-01-06	2.75	20.774	8.422	0.627	0.713	6.209	0.301	15.270	1.111	8.7
SE573322-115478	1985-01-06	3.25	20.939	8.380	0.636	0.721	6.247	0.306	14.968	1.159	8.7
SE573322-115478	1985-01-06	3.75	21.050	8.353	0.643	0.726	6.294	0.310	14.752	1.197	8.7
SE573322-115478	1985-01-06	4.50	21.116	8.338	0.647	0.730	6.341	0.315	14.612	1.225	8.7
SE573322-115478	1985-01-06	5.50	21.145	8.330	0.650	0.733	6.412	0.321	14.581	1.242	8.7
SE573322-115478	1985-01-06	6.50	21.176	8.317	0.650	0.732	6.274	0.308	14.428	1.232	8.7
SE573322-115478	1985-01-06	7.50	21.192	8.305	0.651	0.732	6.232	0.307	14.385	1.219	8.7
SE573322-115478	1985-01-06	8.50	21.200	8.291	0.651	0.732	6.216	0.308	14.386	1.202	8.7
SE573322-115478	1985-01-06	9.50	21.204	8.282	0.653	0.733	6.225	0.310	14.395	1.193	8.7
SE573322-115478	1985-01-06	13.50	21.219	8.263	0.660	0.738	6.321	0.312	14.394	1.203	8.7
SE573322-115478	1985-01-06	14.00	21.219	8.263	0.660	0.738	6.321	0.312	14.394	1.203	8.7
SE573322-115478	1985-01-07	0.00	19.182	8.644	0.575	0.654	7.427	0.355	17.701	0.876	8.9
SE573322-115478	1985-01-07	0.25	19.182	8.644	0.575	0.654	7.427	0.355	17.701	0.876	8.9
SE573322-115478	1985-01-07	0.75	19.157	8.644	0.575	0.656	7.473	0.354	17.768	0.898	8.9
SE573322-115478	1985-01-07	1.25	20.117	8.535	0.603	0.688	6.729	0.304	16.296	1.046	8.9
SE573322-115478	1985-01-07	1.75	20.609	8.465	0.623	0.708	6.504	0.290	15.472	1.156	8.9
SE573322-115478	1985-01-07	2.25	20.853	8.428	0.634	0.720	6.446	0.288	15.052	1.221	8.9
SE573322-115478	1985-01-07	2.75	20.970	8.410	0.641	0.727	6.453	0.291	14.856	1.255	8.9
SE573322-115478	1985-01-07	3.25	21.033	8.401	0.645	0.731	6.486	0.296	14.763	1.274	8.9
SE573322-115478	1985-01-07	3.75	21.066	8.398	0.647	0.733	6.523	0.301	14.725	1.283	8.9
SE573322-115478	1985-01-07	4.50	21.087	8.399	0.649	0.735	6.562	0.306	14.707	1.288	8.9
SE573322-115478	1985-01-07	5.50	21.102	8.408	0.651	0.736	6.606	0.311	14.697	1.290	8.9
SE573322-115478	1985-01-07	6.50	21.124	8.393	0.651	0.734	6.473	0.297	14.548	1.285	8.9
SE573322-115478	1985-01-07	7.50	21.152	8.335	0.651	0.735	6.395	0.295	14.541	1.259	8.9
SE573322-115478	1985-01-07	8.50	21.181	8.301	0.653	0.736	6.326	0.292	14.486	1.236	8.9
SE573322-115478	1985-01-07	9.50	21.196	8.281	0.656	0.739	6.310	0.292	14.461	1.219	8.9
SE573322-115478	1985-01-07	13.50	21.229	8.229	0.670	0.750	6.472	0.298	14.471	1.212	8.9
SE573322-115478	1985-01-07	14.00	21.229	8.229	0.670	0.750	6.472	0.298	14.471	1.212	8.9
SE573322-115478	1985-01-08	0.00	18.754	8.658	0.572	0.647	8.325	0.385	18.216	0.934	9.1
SE573322-115478	1985-01-08	0.25	18.754	8.658	0.572	0.647	8.325	0.385	18.216	0.934	9.1
SE573322-115478	1985-01-08	0.75	18.723	8.659	0.572	0.650	8.373	0.385	18.288	0.955	9.1
SE573322-115478	1985-01-08	1.25	20.032	8.548	0.606	0.689	7.244	0.310	16.393	1.127	9.1
SE573322-115478	1985-01-08	1.75	20.600	8.498	0.625	0.710	6.807	0.282	15.477	1.233	9.1
SE573322-115478	1985-01-08	2.25	20.860	8.484	0.637	0.723	6.665	0.275	15.024	1.297	9.1
SE573322-115478	1985-01-08	2.75	20.981	8.486	0.643	0.729	6.613	0.273	14.792	1.330	9.1
SE573322-115478	1985-01-08	3.25	21.034	8.493	0.646	0.733	6.601	0.274	14.678	1.346	9.1
SE573322-115478	1985-01-08	3.75	21.056	8.492	0.648	0.734	6.608	0.275	14.653	1.351	9.1
SE573322-115478	1985-01-08	4.50	21.068	8.473	0.649	0.736	6.661	0.282	14.732	1.351	9.1
SE573322-115478	1985-01-08	5.50	21.067	8.461	0.651	0.740	6.854	0.305	14.951	1.348	9.1
SE573322-115478	1985-01-08	6.50	21.093	8.434	0.651	0.739	6.715	0.293	14.808	1.334	9.1
SE573322-115478	1985-01-08	7.50	21.121	8.397	0.651	0.739	6.576	0.283	14.676	1.311	9.1
SE573322-115478	1985-01-08	8.50	21.149	8.351	0.653	0.739	6.471	0.278	14.588	1.282	9.1
SE573322-115478	1985-01-08	9.50	21.174	8.305	0.657	0.742	6.418	0.276	14.549	1.252	9.1
SE573322-115478	1985-01-08	13.50	21.217	8.197	0.679	0.760	6.575	0.283	14.618	1.200	9.1
SE573322-115478	1985-01-08	14.00	21.217	8.197	0.679	0.760	6.575	0.283	14.618	1.200	9.1
