EUCD	YYYY-MM-DD	Djup(m)	Salt (psu o/oo)	O2 (ml/l)	PO4 (µmol/l)	TotP (µmol/l)	NO3 (µmol/l)	NH4 (µmol/l)	TotN (µmol/l)	Chla (ug/l)	Siktdjup (m)
SE0101010301-C	1985-01-01	0.00	20.000	8.037	0.500	0.619	3.004	0.100	18.404	0.290	6.8
SE0101010301-C	1985-01-01	0.25	20.000	8.037	0.500	0.619	3.004	0.100	18.404	0.290	6.8
SE0101010301-C	1985-01-01	0.75	20.000	8.034	0.500	0.621	3.004	0.100	18.432	0.295	6.8
SE0101010301-C	1985-01-01	1.25	20.000	8.033	0.500	0.621	3.003	0.100	18.431	0.295	6.8
SE0101010301-C	1985-01-01	1.75	20.000	8.031	0.500	0.621	3.003	0.100	18.431	0.295	6.8
SE0101010301-C	1985-01-01	2.25	20.000	8.031	0.500	0.621	3.003	0.100	18.431	0.295	6.8
SE0101010301-C	1985-01-01	2.75	20.000	8.030	0.500	0.621	3.003	0.100	18.431	0.295	6.8
SE0101010301-C	1985-01-01	3.25	20.000	8.029	0.500	0.621	3.003	0.100	18.431	0.295	6.8
SE0101010301-C	1985-01-01	3.75	20.000	8.029	0.500	0.621	3.003	0.100	18.431	0.295	6.8
SE0101010301-C	1985-01-01	4.50	20.000	8.028	0.500	0.621	3.003	0.100	18.431	0.295	6.8
SE0101010301-C	1985-01-01	5.50	20.000	8.027	0.500	0.621	3.003	0.100	18.431	0.295	6.8
SE0101010301-C	1985-01-01	6.50	20.000	8.027	0.500	0.621	3.003	0.100	18.431	0.295	6.8
SE0101010301-C	1985-01-01	7.50	20.000	8.026	0.500	0.621	3.003	0.100	18.431	0.295	6.8
SE0101010301-C	1985-01-01	8.50	20.000	8.025	0.500	0.621	3.003	0.100	18.431	0.295	6.8
SE0101010301-C	1985-01-01	9.50	20.000	8.025	0.500	0.621	3.003	0.100	18.432	0.295	6.8
SE0101010301-C	1985-01-01	141.75	20.000	7.994	0.502	0.622	3.019	0.100	18.450	0.297	6.8
SE0101010301-C	1985-01-01	144.00	20.000	7.994	0.502	0.622	3.019	0.100	18.450	0.297	6.8
SE0101010301-C	1985-01-02	0.00	20.000	8.034	0.501	0.619	3.011	0.100	18.405	0.282	6.8
SE0101010301-C	1985-01-02	0.25	20.000	8.034	0.501	0.619	3.011	0.100	18.405	0.282	6.8
SE0101010301-C	1985-01-02	0.75	20.000	8.033	0.501	0.621	3.010	0.100	18.434	0.287	6.8
SE0101010301-C	1985-01-02	1.25	20.000	8.033	0.501	0.621	3.009	0.100	18.433	0.287	6.8
SE0101010301-C	1985-01-02	1.75	20.000	8.032	0.501	0.621	3.009	0.100	18.433	0.287	6.8
SE0101010301-C	1985-01-02	2.25	20.000	8.032	0.501	0.621	3.009	0.100	18.433	0.287	6.8
SE0101010301-C	1985-01-02	2.75	20.000	8.031	0.501	0.621	3.009	0.100	18.433	0.287	6.8
SE0101010301-C	1985-01-02	3.25	20.000	8.031	0.501	0.621	3.009	0.100	18.433	0.287	6.8
SE0101010301-C	1985-01-02	3.75	20.000	8.031	0.501	0.621	3.009	0.100	18.433	0.287	6.8
SE0101010301-C	1985-01-02	4.50	20.000	8.030	0.501	0.621	3.009	0.100	18.433	0.287	6.8
SE0101010301-C	1985-01-02	5.50	20.000	8.030	0.501	0.621	3.009	0.100	18.433	0.287	6.8
SE0101010301-C	1985-01-02	6.50	20.000	8.030	0.501	0.621	3.009	0.100	18.433	0.287	6.8
SE0101010301-C	1985-01-02	7.50	20.000	8.030	0.501	0.621	3.009	0.100	18.433	0.287	6.8
SE0101010301-C	1985-01-02	8.50	20.000	8.029	0.501	0.621	3.009	0.100	18.433	0.287	6.8
SE0101010301-C	1985-01-02	9.50	20.000	8.029	0.501	0.621	3.010	0.100	18.434	0.287	6.8
SE0101010301-C	1985-01-02	141.75	20.000	8.023	0.501	0.621	3.012	0.100	18.438	0.287	6.8
SE0101010301-C	1985-01-02	144.00	20.000	8.023	0.501	0.621	3.012	0.100	18.438	0.287	6.8
SE0101010301-C	1985-01-03	0.00	20.162	8.090	0.502	0.617	3.095	0.104	18.296	0.278	7.0
SE0101010301-C	1985-01-03	0.25	20.162	8.090	0.502	0.617	3.095	0.104	18.296	0.278	7.0
SE0101010301-C	1985-01-03	0.75	20.162	8.088	0.502	0.619	3.095	0.104	18.317	0.283	7.0
SE0101010301-C	1985-01-03	1.25	20.165	8.086	0.502	0.619	3.094	0.104	18.314	0.283	7.0
SE0101010301-C	1985-01-03	1.75	20.169	8.084	0.502	0.619	3.095	0.104	18.311	0.283	7.0
SE0101010301-C	1985-01-03	2.25	20.181	8.079	0.502	0.619	3.096	0.104	18.301	0.283	7.0
SE0101010301-C	1985-01-03	2.75	20.239	8.064	0.502	0.618	3.107	0.104	18.260	0.282	7.0
SE0101010301-C	1985-01-03	3.25	20.460	8.020	0.502	0.618	3.153	0.104	18.105	0.278	7.0
SE0101010301-C	1985-01-03	3.75	20.805	7.963	0.503	0.616	3.229	0.105	17.867	0.271	7.0
SE0101010301-C	1985-01-03	4.50	21.548	7.853	0.503	0.613	3.393	0.107	17.358	0.255	7.0
SE0101010301-C	1985-01-03	5.50	22.621	7.719	0.505	0.608	3.648	0.113	16.625	0.233	7.0
SE0101010301-C	1985-01-03	6.50	23.794	7.581	0.506	0.602	3.931	0.120	15.824	0.211	7.0
SE0101010301-C	1985-01-03	7.50	24.927	7.453	0.508	0.595	4.208	0.126	15.049	0.191	7.0
SE0101010301-C	1985-01-03	8.50	25.912	7.345	0.509	0.590	4.454	0.132	14.376	0.175	7.0
SE0101010301-C	1985-01-03	9.50	26.712	7.260	0.510	0.585	4.660	0.137	13.832	0.163	7.0
SE0101010301-C	1985-01-03	141.75	33.443	6.375	0.555	0.587	7.144	0.161	9.387	0.071	7.0
SE0101010301-C	1985-01-03	144.00	33.443	6.375	0.555	0.587	7.144	0.161	9.387	0.071	7.0
SE0101010301-C	1985-01-04	0.00	23.307	7.943	0.508	0.603	4.058	0.148	16.080	0.271	8.4
SE0101010301-C	1985-01-04	0.25	23.307	7.943	0.508	0.603	4.058	0.148	16.080	0.271	8.4
SE0101010301-C	1985-01-04	0.75	23.308	7.940	0.508	0.604	4.057	0.148	16.101	0.276	8.4
SE0101010301-C	1985-01-04	1.25	23.310	7.937	0.507	0.604	4.057	0.148	16.098	0.276	8.4
SE0101010301-C	1985-01-04	1.75	23.314	7.935	0.507	0.604	4.058	0.148	16.096	0.276	8.4
SE0101010301-C	1985-01-04	2.25	23.319	7.932	0.508	0.604	4.060	0.148	16.092	0.276	8.4
SE0101010301-C	1985-01-04	2.75	23.330	7.928	0.508	0.604	4.063	0.148	16.084	0.276	8.4
SE0101010301-C	1985-01-04	3.25	23.384	7.913	0.508	0.604	4.080	0.149	16.046	0.276	8.4
SE0101010301-C	1985-01-04	3.75	23.489	7.890	0.508	0.603	4.114	0.151	15.973	0.277	8.4
SE0101010301-C	1985-01-04	4.50	23.544	7.880	0.508	0.603	4.131	0.152	15.934	0.277	8.4
SE0101010301-C	1985-01-04	5.50	23.673	7.859	0.508	0.602	4.172	0.154	15.844	0.277	8.4
SE0101010301-C	1985-01-04	6.50	24.115	7.790	0.509	0.601	4.304	0.160	15.538	0.276	8.4
SE0101010301-C	1985-01-04	7.50	24.789	7.690	0.510	0.598	4.507	0.170	15.070	0.274	8.4
SE0101010301-C	1985-01-04	8.50	25.902	7.527	0.511	0.592	4.801	0.178	14.315	0.263	8.4
SE0101010301-C	1985-01-04	9.50	27.827	7.178	0.513	0.580	5.047	0.150	13.098	0.181	8.4
SE0101010301-C	1985-01-04	141.75	34.036	6.278	0.564	0.616	7.326	0.191	9.333	0.044	8.4
SE0101010301-C	1985-01-04	144.00	34.036	6.278	0.564	0.616	7.326	0.191	9.333	0.044	8.4
SE0101010301-C	1985-01-05	0.00	24.346	8.053	0.506	0.597	4.597	0.197	15.275	0.330	9.1
SE0101010301-C	1985-01-05	0.25	24.346	8.053	0.506	0.597	4.597	0.197	15.275	0.330	9.1
SE0101010301-C	1985-01-05	0.75	24.346	8.051	0.506	0.598	4.597	0.197	15.295	0.335	9.1
SE0101010301-C	1985-01-05	1.25	24.349	8.049	0.506	0.598	4.597	0.197	15.292	0.335	9.1
SE0101010301-C	1985-01-05	1.75	24.350	8.048	0.506	0.598	4.598	0.197	15.291	0.336	9.1
SE0101010301-C	1985-01-05	2.25	24.352	8.046	0.506	0.598	4.598	0.197	15.289	0.336	9.1
SE0101010301-C	1985-01-05	2.75	24.355	8.045	0.506	0.598	4.599	0.197	15.288	0.336	9.1
SE0101010301-C	1985-01-05	3.25	24.357	8.044	0.506	0.598	4.600	0.197	15.285	0.336	9.1
SE0101010301-C	1985-01-05	3.75	24.360	8.042	0.506	0.598	4.602	0.197	15.283	0.336	9.1
SE0101010301-C	1985-01-05	4.50	24.368	8.039	0.506	0.598	4.605	0.198	15.276	0.337	9.1
SE0101010301-C	1985-01-05	5.50	24.397	8.031	0.506	0.598	4.620	0.200	15.252	0.339	9.1
SE0101010301-C	1985-01-05	6.50	24.517	8.006	0.505	0.598	4.685	0.208	15.153	0.349	9.1
SE0101010301-C	1985-01-05	7.50	24.635	7.993	0.504	0.597	4.753	0.217	15.055	0.360	9.1
SE0101010301-C	1985-01-05	8.50	25.526	7.923	0.496	0.593	5.259	0.285	14.312	0.440	9.1
SE0101010301-C	1985-01-05	9.50	26.608	7.601	0.502	0.586	5.232	0.233	13.737	0.353	9.1
SE0101010301-C	1985-01-05	141.75	34.288	6.247	0.569	0.643	7.274	0.234	9.360	0.029	9.1
SE0101010301-C	1985-01-05	144.00	34.288	6.247	0.569	0.643	7.274	0.234	9.360	0.029	9.1
SE0101010301-C	1985-01-06	0.00	24.095	8.143	0.503	0.594	4.661	0.206	15.425	0.340	9.1
SE0101010301-C	1985-01-06	0.25	24.095	8.143	0.503	0.594	4.661	0.206	15.425	0.340	9.1
SE0101010301-C	1985-01-06	0.75	24.105	8.141	0.503	0.595	4.660	0.205	15.432	0.346	9.1
SE0101010301-C	1985-01-06	1.25	24.164	8.135	0.503	0.596	4.663	0.204	15.388	0.349	9.1
SE0101010301-C	1985-01-06	1.75	24.190	8.132	0.503	0.596	4.665	0.204	15.370	0.351	9.1
SE0101010301-C	1985-01-06	2.25	24.348	8.115	0.503	0.596	4.680	0.204	15.256	0.361	9.1
SE0101010301-C	1985-01-06	2.75	24.396	8.109	0.503	0.596	4.689	0.205	15.221	0.364	9.1
SE0101010301-C	1985-01-06	3.25	24.431	8.103	0.502	0.597	4.701	0.207	15.192	0.367	9.1
SE0101010301-C	1985-01-06	3.75	24.480	8.096	0.502	0.596	4.724	0.211	15.149	0.371	9.1
SE0101010301-C	1985-01-06	4.50	24.577	8.083	0.500	0.596	4.775	0.220	15.059	0.381	9.1
SE0101010301-C	1985-01-06	5.50	24.812	8.061	0.494	0.595	4.911	0.248	14.829	0.413	9.1
SE0101010301-C	1985-01-06	6.50	25.101	8.045	0.483	0.592	5.078	0.287	14.540	0.464	9.1
SE0101010301-C	1985-01-06	7.50	25.421	8.006	0.475	0.588	5.196	0.311	14.283	0.490	9.1
SE0101010301-C	1985-01-06	8.50	25.848	7.915	0.475	0.584	5.283	0.307	14.023	0.480	9.1
SE0101010301-C	1985-01-06	9.50	26.433	7.759	0.478	0.580	5.309	0.285	13.708	0.445	9.1
SE0101010301-C	1985-01-06	141.75	34.416	6.242	0.570	0.666	7.211	0.272	9.976	0.021	9.1
SE0101010301-C	1985-01-06	144.00	34.416	6.242	0.570	0.666	7.211	0.272	9.976	0.021	9.1
SE0101010301-C	1985-01-07	0.00	24.507	8.289	0.482	0.589	4.873	0.255	14.954	0.443	9.5
SE0101010301-C	1985-01-07	0.25	24.507	8.289	0.482	0.589	4.873	0.255	14.954	0.443	9.5
SE0101010301-C	1985-01-07	0.75	24.507	8.287	0.482	0.590	4.872	0.255	14.972	0.449	9.5
SE0101010301-C	1985-01-07	1.25	24.511	8.285	0.482	0.590	4.872	0.255	14.969	0.449	9.5
SE0101010301-C	1985-01-07	1.75	24.514	8.283	0.482	0.590	4.872	0.255	14.966	0.449	9.5
SE0101010301-C	1985-01-07	2.25	24.517	8.281	0.482	0.590	4.872	0.256	14.964	0.450	9.5
SE0101010301-C	1985-01-07	2.75	24.520	8.280	0.481	0.590	4.872	0.256	14.961	0.450	9.5
SE0101010301-C	1985-01-07	3.25	24.524	8.277	0.481	0.590	4.873	0.256	14.957	0.450	9.5
SE0101010301-C	1985-01-07	3.75	24.530	8.275	0.481	0.590	4.873	0.256	14.952	0.451	9.5
SE0101010301-C	1985-01-07	4.50	24.542	8.269	0.481	0.590	4.875	0.257	14.941	0.453	9.5
SE0101010301-C	1985-01-07	5.50	24.581	8.253	0.479	0.590	4.881	0.261	14.901	0.460	9.5
SE0101010301-C	1985-01-07	6.50	24.788	8.192	0.463	0.586	4.924	0.294	14.650	0.514	9.5
SE0101010301-C	1985-01-07	7.50	25.013	8.121	0.464	0.584	4.969	0.291	14.535	0.500	9.5
SE0101010301-C	1985-01-07	8.50	25.718	7.943	0.462	0.579	5.121	0.297	14.095	0.490	9.5
SE0101010301-C	1985-01-07	9.50	26.269	7.807	0.464	0.577	5.218	0.291	13.780	0.471	9.5
SE0101010301-C	1985-01-07	141.75	34.499	6.243	0.574	0.694	7.204	0.307	10.628	0.016	9.5
SE0101010301-C	1985-01-07	144.00	34.499	6.243	0.574	0.694	7.204	0.307	10.628	0.016	9.5
SE0101010301-C	1985-01-08	0.00	23.648	8.328	0.474	0.584	4.903	0.267	15.453	0.447	9.2
SE0101010301-C	1985-01-08	0.25	23.648	8.328	0.474	0.584	4.903	0.267	15.453	0.447	9.2
SE0101010301-C	1985-01-08	0.75	23.612	8.330	0.473	0.585	4.900	0.266	15.483	0.456	9.2
SE0101010301-C	1985-01-08	1.25	24.006	8.301	0.466	0.585	4.861	0.272	15.156	0.502	9.2
SE0101010301-C	1985-01-08	1.75	24.230	8.283	0.461	0.584	4.821	0.275	15.007	0.520	9.2
SE0101010301-C	1985-01-08	2.25	24.368	8.271	0.456	0.583	4.788	0.279	14.923	0.528	9.2
SE0101010301-C	1985-01-08	2.75	24.452	8.261	0.452	0.582	4.765	0.282	14.874	0.533	9.2
SE0101010301-C	1985-01-08	3.25	24.506	8.253	0.450	0.582	4.754	0.284	14.844	0.534	9.2
SE0101010301-C	1985-01-08	3.75	24.545	8.247	0.451	0.582	4.761	0.284	14.819	0.533	9.2
SE0101010301-C	1985-01-08	4.50	24.597	8.236	0.447	0.581	4.764	0.290	14.766	0.539	9.2
SE0101010301-C	1985-01-08	5.50	24.689	8.210	0.442	0.579	4.773	0.298	14.681	0.546	9.2
SE0101010301-C	1985-01-08	6.50	24.851	8.164	0.440	0.577	4.802	0.303	14.564	0.545	9.2
SE0101010301-C	1985-01-08	7.50	25.125	8.092	0.441	0.576	4.866	0.302	14.400	0.535	9.2
SE0101010301-C	1985-01-08	8.50	25.513	7.996	0.445	0.574	4.958	0.298	14.182	0.516	9.2
SE0101010301-C	1985-01-08	9.50	25.958	7.886	0.452	0.574	5.065	0.291	13.946	0.492	9.2
SE0101010301-C	1985-01-08	141.75	34.559	6.244	0.583	0.724	7.189	0.338	11.333	0.013	9.2
SE0101010301-C	1985-01-08	144.00	34.559	6.244	0.583	0.724	7.189	0.338	11.333	0.013	9.2
