EUCD	YYYY-MM-DD	Djup(m)	Salt (psu o/oo)	O2 (ml/l)	PO4 (µmol/l)	TotP (µmol/l)	NO3 (µmol/l)	NH4 (µmol/l)	TotN (µmol/l)	Chla (ug/l)	Siktdjup (m)
SE572540-114801	1985-01-01	0.00	20.000	8.034	0.500	0.619	3.002	0.101	18.402	0.291	6.8
SE572540-114801	1985-01-01	0.25	20.000	8.034	0.500	0.619	3.002	0.101	18.402	0.291	6.8
SE572540-114801	1985-01-01	0.75	20.000	8.031	0.500	0.621	3.002	0.101	18.431	0.295	6.8
SE572540-114801	1985-01-01	1.25	20.000	8.030	0.500	0.621	3.002	0.101	18.431	0.295	6.8
SE572540-114801	1985-01-01	1.75	20.000	8.029	0.500	0.621	3.002	0.101	18.431	0.295	6.8
SE572540-114801	1985-01-01	2.25	20.000	8.028	0.500	0.621	3.002	0.100	18.431	0.295	6.8
SE572540-114801	1985-01-01	2.75	20.000	8.027	0.500	0.621	3.002	0.100	18.431	0.295	6.8
SE572540-114801	1985-01-01	3.25	20.000	8.027	0.500	0.621	3.002	0.100	18.431	0.295	6.8
SE572540-114801	1985-01-01	3.75	20.000	8.026	0.500	0.621	3.002	0.100	18.431	0.295	6.8
SE572540-114801	1985-01-01	4.50	20.000	8.025	0.500	0.621	3.002	0.100	18.431	0.295	6.8
SE572540-114801	1985-01-01	5.50	20.000	8.025	0.500	0.621	3.002	0.100	18.431	0.295	6.8
SE572540-114801	1985-01-01	6.50	20.000	8.024	0.500	0.621	3.002	0.100	18.431	0.295	6.8
SE572540-114801	1985-01-01	7.50	20.000	8.024	0.500	0.621	3.002	0.100	18.431	0.296	6.8
SE572540-114801	1985-01-01	8.50	20.000	8.023	0.500	0.621	3.002	0.100	18.431	0.296	6.8
SE572540-114801	1985-01-01	9.50	20.000	8.023	0.500	0.621	3.002	0.100	18.431	0.296	6.8
SE572540-114801	1985-01-01	69.50	20.000	7.976	0.506	0.626	3.069	0.100	18.489	0.296	6.8
SE572540-114801	1985-01-01	70.00	20.000	7.976	0.506	0.626	3.069	0.100	18.489	0.296	6.8
SE572540-114801	1985-01-02	0.00	20.000	8.062	0.501	0.619	3.011	0.100	18.407	0.287	6.8
SE572540-114801	1985-01-02	0.25	20.000	8.062	0.501	0.619	3.011	0.100	18.407	0.287	6.8
SE572540-114801	1985-01-02	0.75	20.000	8.060	0.501	0.621	3.010	0.100	18.435	0.291	6.8
SE572540-114801	1985-01-02	1.25	20.000	8.059	0.501	0.621	3.010	0.100	18.435	0.291	6.8
SE572540-114801	1985-01-02	1.75	20.000	8.059	0.501	0.621	3.010	0.100	18.435	0.291	6.8
SE572540-114801	1985-01-02	2.25	20.000	8.058	0.501	0.621	3.010	0.100	18.435	0.291	6.8
SE572540-114801	1985-01-02	2.75	20.000	8.058	0.501	0.621	3.010	0.100	18.435	0.291	6.8
SE572540-114801	1985-01-02	3.25	20.000	8.057	0.501	0.621	3.010	0.100	18.435	0.291	6.8
SE572540-114801	1985-01-02	3.75	20.000	8.057	0.501	0.621	3.010	0.100	18.435	0.291	6.8
SE572540-114801	1985-01-02	4.50	20.000	8.057	0.501	0.621	3.010	0.100	18.435	0.291	6.8
SE572540-114801	1985-01-02	5.50	20.000	8.056	0.501	0.621	3.010	0.100	18.435	0.291	6.8
SE572540-114801	1985-01-02	6.50	20.000	8.056	0.501	0.621	3.010	0.100	18.435	0.291	6.8
SE572540-114801	1985-01-02	7.50	20.000	8.055	0.501	0.621	3.010	0.100	18.435	0.291	6.8
SE572540-114801	1985-01-02	8.50	20.000	8.055	0.501	0.621	3.010	0.100	18.435	0.291	6.8
SE572540-114801	1985-01-02	9.50	20.000	8.055	0.501	0.621	3.010	0.100	18.435	0.291	6.8
SE572540-114801	1985-01-02	69.50	20.000	8.046	0.502	0.622	3.026	0.100	18.447	0.292	6.8
SE572540-114801	1985-01-02	70.00	20.000	8.046	0.502	0.622	3.026	0.100	18.447	0.292	6.8
SE572540-114801	1985-01-03	0.00	20.574	8.119	0.604	0.691	5.118	0.288	15.398	0.909	8.9
SE572540-114801	1985-01-03	0.25	20.574	8.119	0.604	0.691	5.118	0.288	15.398	0.909	8.9
SE572540-114801	1985-01-03	0.75	20.574	8.117	0.604	0.693	5.119	0.288	15.423	0.924	8.9
SE572540-114801	1985-01-03	1.25	20.576	8.116	0.604	0.693	5.123	0.288	15.417	0.926	8.9
SE572540-114801	1985-01-03	1.75	20.577	8.115	0.604	0.693	5.126	0.288	15.412	0.927	8.9
SE572540-114801	1985-01-03	2.25	20.578	8.114	0.605	0.693	5.128	0.289	15.408	0.927	8.9
SE572540-114801	1985-01-03	2.75	20.579	8.113	0.605	0.694	5.131	0.289	15.404	0.928	8.9
SE572540-114801	1985-01-03	3.25	20.579	8.112	0.605	0.694	5.132	0.289	15.401	0.929	8.9
SE572540-114801	1985-01-03	3.75	20.580	8.112	0.605	0.694	5.134	0.289	15.398	0.930	8.9
SE572540-114801	1985-01-03	4.50	20.581	8.111	0.605	0.694	5.137	0.289	15.394	0.930	8.9
SE572540-114801	1985-01-03	5.50	20.583	8.109	0.605	0.694	5.141	0.290	15.388	0.932	8.9
SE572540-114801	1985-01-03	6.50	20.584	8.108	0.605	0.694	5.144	0.290	15.382	0.933	8.9
SE572540-114801	1985-01-03	7.50	20.586	8.106	0.606	0.694	5.149	0.290	15.376	0.934	8.9
SE572540-114801	1985-01-03	8.50	20.589	8.104	0.606	0.695	5.155	0.291	15.367	0.936	8.9
SE572540-114801	1985-01-03	9.50	20.595	8.100	0.606	0.695	5.165	0.291	15.353	0.939	8.9
SE572540-114801	1985-01-03	69.50	29.859	6.596	0.789	0.865	7.376	0.374	12.565	1.095	8.9
SE572540-114801	1985-01-03	70.00	29.859	6.596	0.789	0.865	7.376	0.374	12.565	1.095	8.9
SE572540-114801	1985-01-04	0.00	20.941	8.188	0.635	0.714	5.772	0.321	14.608	1.081	9.6
SE572540-114801	1985-01-04	0.25	20.941	8.188	0.635	0.714	5.772	0.321	14.608	1.081	9.6
SE572540-114801	1985-01-04	0.75	20.941	8.185	0.635	0.716	5.772	0.321	14.640	1.099	9.6
SE572540-114801	1985-01-04	1.25	20.942	8.184	0.635	0.716	5.773	0.321	14.638	1.099	9.6
SE572540-114801	1985-01-04	1.75	20.943	8.182	0.635	0.716	5.773	0.321	14.637	1.099	9.6
SE572540-114801	1985-01-04	2.25	20.943	8.181	0.635	0.716	5.774	0.321	14.635	1.100	9.6
SE572540-114801	1985-01-04	2.75	20.944	8.180	0.635	0.716	5.774	0.321	14.634	1.100	9.6
SE572540-114801	1985-01-04	3.25	20.945	8.179	0.635	0.716	5.774	0.321	14.633	1.100	9.6
SE572540-114801	1985-01-04	3.75	20.946	8.179	0.635	0.717	5.775	0.321	14.633	1.100	9.6
SE572540-114801	1985-01-04	4.50	20.947	8.178	0.635	0.717	5.775	0.321	14.631	1.100	9.6
SE572540-114801	1985-01-04	5.50	20.948	8.176	0.635	0.717	5.776	0.322	14.630	1.100	9.6
SE572540-114801	1985-01-04	6.50	20.950	8.175	0.635	0.717	5.777	0.322	14.628	1.100	9.6
SE572540-114801	1985-01-04	7.50	20.952	8.173	0.635	0.717	5.778	0.322	14.627	1.100	9.6
SE572540-114801	1985-01-04	8.50	20.955	8.172	0.635	0.717	5.779	0.322	14.625	1.101	9.6
SE572540-114801	1985-01-04	9.50	20.959	8.170	0.635	0.717	5.780	0.322	14.622	1.101	9.6
SE572540-114801	1985-01-04	69.50	31.189	6.395	0.830	0.900	8.038	0.403	11.685	1.167	9.6
SE572540-114801	1985-01-04	70.00	31.189	6.395	0.830	0.900	8.038	0.403	11.685	1.167	9.6
SE572540-114801	1985-01-05	0.00	21.187	8.270	0.648	0.725	6.110	0.323	14.337	1.160	9.9
SE572540-114801	1985-01-05	0.25	21.187	8.270	0.648	0.725	6.110	0.323	14.337	1.160	9.9
SE572540-114801	1985-01-05	0.75	21.187	8.268	0.648	0.727	6.110	0.323	14.375	1.179	9.9
SE572540-114801	1985-01-05	1.25	21.188	8.266	0.648	0.728	6.110	0.323	14.372	1.180	9.9
SE572540-114801	1985-01-05	1.75	21.189	8.264	0.648	0.728	6.110	0.323	14.370	1.180	9.9
SE572540-114801	1985-01-05	2.25	21.190	8.263	0.648	0.728	6.110	0.323	14.369	1.180	9.9
SE572540-114801	1985-01-05	2.75	21.191	8.262	0.648	0.728	6.111	0.323	14.367	1.180	9.9
SE572540-114801	1985-01-05	3.25	21.191	8.262	0.648	0.728	6.111	0.323	14.366	1.180	9.9
SE572540-114801	1985-01-05	3.75	21.192	8.261	0.648	0.728	6.111	0.323	14.365	1.180	9.9
SE572540-114801	1985-01-05	4.50	21.193	8.260	0.648	0.728	6.111	0.323	14.364	1.180	9.9
SE572540-114801	1985-01-05	5.50	21.194	8.259	0.648	0.728	6.111	0.323	14.362	1.181	9.9
SE572540-114801	1985-01-05	6.50	21.196	8.257	0.648	0.728	6.111	0.323	14.361	1.181	9.9
SE572540-114801	1985-01-05	7.50	21.197	8.256	0.648	0.728	6.112	0.323	14.359	1.181	9.9
SE572540-114801	1985-01-05	8.50	21.199	8.255	0.648	0.728	6.112	0.323	14.358	1.181	9.9
SE572540-114801	1985-01-05	9.50	21.202	8.253	0.649	0.728	6.113	0.323	14.356	1.181	9.9
SE572540-114801	1985-01-05	69.50	31.852	6.185	0.871	0.938	8.500	0.406	11.804	1.128	9.9
SE572540-114801	1985-01-05	70.00	31.852	6.185	0.871	0.938	8.500	0.406	11.804	1.128	9.9
SE572540-114801	1985-01-06	0.00	20.933	8.389	0.644	0.721	6.386	0.318	14.690	1.172	9.8
SE572540-114801	1985-01-06	0.25	20.933	8.389	0.644	0.721	6.386	0.318	14.690	1.172	9.8
SE572540-114801	1985-01-06	0.75	20.921	8.391	0.644	0.723	6.394	0.318	14.745	1.190	9.8
SE572540-114801	1985-01-06	1.25	20.973	8.381	0.645	0.725	6.366	0.315	14.655	1.204	9.8
SE572540-114801	1985-01-06	1.75	21.047	8.366	0.647	0.727	6.334	0.311	14.534	1.224	9.8
SE572540-114801	1985-01-06	2.25	21.084	8.359	0.648	0.728	6.318	0.310	14.475	1.235	9.8
SE572540-114801	1985-01-06	2.75	21.111	8.353	0.649	0.729	6.307	0.308	14.430	1.243	9.8
SE572540-114801	1985-01-06	3.25	21.130	8.348	0.649	0.730	6.299	0.307	14.400	1.249	9.8
SE572540-114801	1985-01-06	3.75	21.143	8.345	0.650	0.731	6.294	0.307	14.379	1.253	9.8
SE572540-114801	1985-01-06	4.50	21.155	8.341	0.650	0.731	6.290	0.306	14.360	1.256	9.8
SE572540-114801	1985-01-06	5.50	21.164	8.337	0.651	0.731	6.287	0.306	14.345	1.258	9.8
SE572540-114801	1985-01-06	6.50	21.174	8.333	0.651	0.732	6.285	0.306	14.331	1.260	9.8
SE572540-114801	1985-01-06	7.50	21.184	8.328	0.651	0.732	6.283	0.306	14.315	1.260	9.8
SE572540-114801	1985-01-06	8.50	21.196	8.321	0.652	0.733	6.283	0.307	14.301	1.259	9.8
SE572540-114801	1985-01-06	9.50	21.212	8.312	0.653	0.733	6.287	0.309	14.288	1.255	9.8
SE572540-114801	1985-01-06	69.50	32.335	6.032	0.903	0.968	8.889	0.408	11.869	1.101	9.8
SE572540-114801	1985-01-06	70.00	32.335	6.032	0.903	0.968	8.889	0.408	11.869	1.101	9.8
SE572540-114801	1985-01-07	0.00	21.109	8.456	0.651	0.730	6.473	0.295	14.416	1.277	9.9
SE572540-114801	1985-01-07	0.25	21.109	8.456	0.651	0.730	6.473	0.295	14.416	1.277	9.9
SE572540-114801	1985-01-07	0.75	21.109	8.453	0.651	0.733	6.473	0.294	14.458	1.296	9.9
SE572540-114801	1985-01-07	1.25	21.110	8.452	0.651	0.733	6.472	0.294	14.455	1.297	9.9
SE572540-114801	1985-01-07	1.75	21.112	8.450	0.651	0.733	6.471	0.294	14.453	1.297	9.9
SE572540-114801	1985-01-07	2.25	21.113	8.449	0.651	0.733	6.471	0.294	14.452	1.297	9.9
SE572540-114801	1985-01-07	2.75	21.114	8.448	0.651	0.733	6.470	0.294	14.450	1.297	9.9
SE572540-114801	1985-01-07	3.25	21.115	8.447	0.651	0.733	6.469	0.294	14.449	1.297	9.9
SE572540-114801	1985-01-07	3.75	21.116	8.446	0.651	0.733	6.469	0.294	14.447	1.297	9.9
SE572540-114801	1985-01-07	4.50	21.117	8.445	0.651	0.733	6.468	0.294	14.446	1.297	9.9
SE572540-114801	1985-01-07	5.50	21.119	8.443	0.651	0.733	6.467	0.294	14.443	1.298	9.9
SE572540-114801	1985-01-07	6.50	21.121	8.441	0.651	0.733	6.466	0.294	14.441	1.298	9.9
SE572540-114801	1985-01-07	7.50	21.124	8.439	0.651	0.733	6.466	0.294	14.438	1.298	9.9
SE572540-114801	1985-01-07	8.50	21.128	8.436	0.651	0.733	6.465	0.294	14.434	1.298	9.9
SE572540-114801	1985-01-07	9.50	21.133	8.432	0.652	0.734	6.464	0.294	14.430	1.298	9.9
SE572540-114801	1985-01-07	69.50	32.656	5.917	0.928	0.993	9.174	0.406	11.982	1.065	9.9
SE572540-114801	1985-01-07	70.00	32.656	5.917	0.928	0.993	9.174	0.406	11.982	1.065	9.9
SE572540-114801	1985-01-08	0.00	20.927	8.530	0.647	0.727	6.710	0.286	14.692	1.305	9.8
SE572540-114801	1985-01-08	0.25	20.927	8.530	0.647	0.727	6.710	0.286	14.692	1.305	9.8
SE572540-114801	1985-01-08	0.75	20.895	8.531	0.647	0.729	6.738	0.286	14.781	1.324	9.8
SE572540-114801	1985-01-08	1.25	21.009	8.524	0.649	0.733	6.640	0.278	14.623	1.347	9.8
SE572540-114801	1985-01-08	1.75	21.040	8.521	0.649	0.734	6.613	0.275	14.582	1.354	9.8
SE572540-114801	1985-01-08	2.25	21.051	8.520	0.649	0.734	6.603	0.275	14.568	1.356	9.8
SE572540-114801	1985-01-08	2.75	21.056	8.519	0.649	0.734	6.598	0.274	14.561	1.357	9.8
SE572540-114801	1985-01-08	3.25	21.059	8.518	0.649	0.735	6.596	0.274	14.557	1.358	9.8
SE572540-114801	1985-01-08	3.75	21.062	8.517	0.650	0.735	6.593	0.274	14.554	1.358	9.8
SE572540-114801	1985-01-08	4.50	21.066	8.516	0.650	0.735	6.590	0.274	14.549	1.359	9.8
SE572540-114801	1985-01-08	5.50	21.072	8.513	0.650	0.735	6.586	0.273	14.543	1.360	9.8
SE572540-114801	1985-01-08	6.50	21.079	8.510	0.650	0.735	6.581	0.273	14.536	1.360	9.8
SE572540-114801	1985-01-08	7.50	21.089	8.505	0.650	0.736	6.577	0.272	14.527	1.361	9.8
SE572540-114801	1985-01-08	8.50	21.106	8.496	0.651	0.736	6.572	0.272	14.513	1.361	9.8
SE572540-114801	1985-01-08	9.50	21.150	8.470	0.652	0.737	6.567	0.273	14.478	1.353	9.8
SE572540-114801	1985-01-08	69.50	32.909	6.048	0.878	0.947	8.724	0.363	11.766	1.020	9.8
SE572540-114801	1985-01-08	70.00	32.909	6.048	0.878	0.947	8.724	0.363	11.766	1.020	9.8
