EUCD	YYYY-MM-DD	Djup(m)	Salt (psu o/oo)	O2 (ml/l)	PO4 (µmol/l)	TotP (µmol/l)	NO3 (µmol/l)	NH4 (µmol/l)	TotN (µmol/l)	Chla (ug/l)	Siktdjup (m)
SE582210-111880	1985-01-01	0.00	20.000	8.042	0.501	0.619	3.007	0.101	18.405	0.290	6.8
SE582210-111880	1985-01-01	0.25	20.000	8.042	0.501	0.619	3.007	0.101	18.405	0.290	6.8
SE582210-111880	1985-01-01	0.75	20.000	8.039	0.501	0.621	3.006	0.101	18.433	0.295	6.8
SE582210-111880	1985-01-01	1.25	20.000	8.037	0.501	0.621	3.006	0.101	18.433	0.295	6.8
SE582210-111880	1985-01-01	1.75	20.000	8.036	0.501	0.621	3.006	0.101	18.433	0.295	6.8
SE582210-111880	1985-01-01	2.25	20.000	8.035	0.501	0.621	3.006	0.101	18.433	0.295	6.8
SE582210-111880	1985-01-01	2.75	20.000	8.035	0.501	0.621	3.006	0.101	18.433	0.295	6.8
SE582210-111880	1985-01-01	3.25	20.000	8.034	0.501	0.621	3.006	0.100	18.433	0.295	6.8
SE582210-111880	1985-01-01	3.75	20.000	8.034	0.501	0.621	3.007	0.100	18.434	0.295	6.8
SE582210-111880	1985-01-01	4.50	20.000	8.033	0.501	0.621	3.006	0.100	18.433	0.295	6.8
SE582210-111880	1985-01-01	5.50	20.000	8.032	0.501	0.621	3.007	0.100	18.434	0.295	6.8
SE582210-111880	1985-01-01	6.50	20.000	8.032	0.501	0.621	3.007	0.100	18.434	0.295	6.8
SE582210-111880	1985-01-01	7.50	20.000	8.031	0.501	0.621	3.007	0.100	18.434	0.295	6.8
SE582210-111880	1985-01-01	8.50	20.000	8.031	0.501	0.621	3.007	0.100	18.434	0.295	6.8
SE582210-111880	1985-01-01	9.50	20.000	8.030	0.501	0.621	3.007	0.100	18.434	0.295	6.8
SE582210-111880	1985-01-01	38.50	20.000	7.977	0.506	0.626	3.066	0.100	18.485	0.296	6.8
SE582210-111880	1985-01-01	39.00	20.000	7.977	0.506	0.626	3.066	0.100	18.485	0.296	6.8
SE582210-111880	1985-01-02	0.00	20.000	8.090	0.502	0.620	3.024	0.101	18.412	0.288	6.9
SE582210-111880	1985-01-02	0.25	20.000	8.090	0.502	0.620	3.024	0.101	18.412	0.288	6.9
SE582210-111880	1985-01-02	0.75	20.000	8.089	0.502	0.622	3.024	0.101	18.438	0.292	6.9
SE582210-111880	1985-01-02	1.25	20.000	8.088	0.502	0.622	3.023	0.101	18.437	0.292	6.9
SE582210-111880	1985-01-02	1.75	20.000	8.088	0.502	0.622	3.023	0.101	18.437	0.292	6.9
SE582210-111880	1985-01-02	2.25	20.000	8.087	0.502	0.622	3.023	0.101	18.437	0.292	6.9
SE582210-111880	1985-01-02	2.75	20.000	8.087	0.502	0.622	3.023	0.101	18.438	0.292	6.9
SE582210-111880	1985-01-02	3.25	20.000	8.087	0.502	0.622	3.023	0.101	18.438	0.292	6.9
SE582210-111880	1985-01-02	3.75	20.000	8.086	0.502	0.622	3.024	0.101	18.438	0.292	6.9
SE582210-111880	1985-01-02	4.50	20.000	8.086	0.502	0.622	3.024	0.101	18.438	0.292	6.9
SE582210-111880	1985-01-02	5.50	20.000	8.086	0.502	0.622	3.024	0.100	18.438	0.293	6.9
SE582210-111880	1985-01-02	6.50	20.000	8.086	0.502	0.622	3.024	0.100	18.438	0.293	6.9
SE582210-111880	1985-01-02	7.50	20.000	8.085	0.502	0.622	3.024	0.100	18.438	0.293	6.9
SE582210-111880	1985-01-02	8.50	20.000	8.085	0.502	0.622	3.024	0.100	18.438	0.293	6.9
SE582210-111880	1985-01-02	9.50	20.000	8.085	0.502	0.622	3.024	0.100	18.438	0.293	6.9
SE582210-111880	1985-01-02	38.50	20.000	8.078	0.503	0.623	3.038	0.100	18.449	0.293	6.9
SE582210-111880	1985-01-02	39.00	20.000	8.078	0.503	0.623	3.038	0.100	18.449	0.293	6.9
SE582210-111880	1985-01-03	0.00	20.059	8.128	0.515	0.629	3.319	0.126	18.083	0.357	7.1
SE582210-111880	1985-01-03	0.25	20.059	8.128	0.515	0.629	3.319	0.126	18.083	0.357	7.1
SE582210-111880	1985-01-03	0.75	20.059	8.126	0.516	0.630	3.320	0.126	18.104	0.363	7.1
SE582210-111880	1985-01-03	1.25	20.061	8.125	0.516	0.630	3.324	0.126	18.096	0.364	7.1
SE582210-111880	1985-01-03	1.75	20.063	8.124	0.516	0.631	3.329	0.127	18.087	0.366	7.1
SE582210-111880	1985-01-03	2.25	20.065	8.122	0.516	0.631	3.337	0.127	18.075	0.368	7.1
SE582210-111880	1985-01-03	2.75	20.070	8.120	0.517	0.631	3.349	0.128	18.055	0.371	7.1
SE582210-111880	1985-01-03	3.25	20.077	8.117	0.518	0.632	3.372	0.130	18.020	0.378	7.1
SE582210-111880	1985-01-03	3.75	20.092	8.112	0.521	0.634	3.417	0.134	17.952	0.391	7.1
SE582210-111880	1985-01-03	4.50	20.140	8.098	0.528	0.639	3.570	0.148	17.722	0.434	7.1
SE582210-111880	1985-01-03	5.50	20.329	8.059	0.559	0.661	4.180	0.203	16.826	0.602	7.1
SE582210-111880	1985-01-03	6.50	20.450	8.048	0.578	0.675	4.570	0.238	16.254	0.716	7.1
SE582210-111880	1985-01-03	7.50	20.554	8.043	0.596	0.688	4.932	0.271	15.723	0.825	7.1
SE582210-111880	1985-01-03	8.50	20.640	8.043	0.611	0.698	5.240	0.299	15.271	0.922	7.1
SE582210-111880	1985-01-03	9.50	20.703	8.046	0.622	0.707	5.481	0.321	14.913	1.003	7.1
SE582210-111880	1985-01-03	38.50	21.394	7.925	0.676	0.746	6.528	0.417	13.506	1.259	7.1
SE582210-111880	1985-01-03	39.00	21.394	7.925	0.676	0.746	6.528	0.417	13.506	1.259	7.1
SE582210-111880	1985-01-04	0.00	20.505	8.226	0.588	0.681	4.835	0.248	15.896	0.799	8.5
SE582210-111880	1985-01-04	0.25	20.505	8.226	0.588	0.681	4.835	0.248	15.896	0.799	8.5
SE582210-111880	1985-01-04	0.75	20.505	8.223	0.588	0.682	4.835	0.248	15.924	0.813	8.5
SE582210-111880	1985-01-04	1.25	20.506	8.221	0.589	0.682	4.837	0.249	15.919	0.813	8.5
SE582210-111880	1985-01-04	1.75	20.507	8.220	0.589	0.682	4.840	0.249	15.916	0.814	8.5
SE582210-111880	1985-01-04	2.25	20.508	8.219	0.589	0.683	4.842	0.249	15.913	0.815	8.5
SE582210-111880	1985-01-04	2.75	20.509	8.218	0.589	0.683	4.844	0.249	15.910	0.815	8.5
SE582210-111880	1985-01-04	3.25	20.509	8.217	0.589	0.683	4.846	0.249	15.906	0.816	8.5
SE582210-111880	1985-01-04	3.75	20.510	8.216	0.589	0.683	4.848	0.249	15.903	0.817	8.5
SE582210-111880	1985-01-04	4.50	20.512	8.214	0.589	0.683	4.852	0.250	15.897	0.818	8.5
SE582210-111880	1985-01-04	5.50	20.514	8.212	0.590	0.683	4.859	0.250	15.887	0.820	8.5
SE582210-111880	1985-01-04	6.50	20.518	8.210	0.590	0.684	4.869	0.251	15.872	0.823	8.5
SE582210-111880	1985-01-04	7.50	20.524	8.206	0.591	0.684	4.885	0.253	15.847	0.828	8.5
SE582210-111880	1985-01-04	8.50	20.536	8.201	0.593	0.685	4.918	0.255	15.800	0.837	8.5
SE582210-111880	1985-01-04	9.50	20.563	8.189	0.596	0.688	4.994	0.262	15.689	0.860	8.5
SE582210-111880	1985-01-04	38.50	21.811	7.853	0.693	0.760	6.840	0.418	13.293	1.280	8.5
SE582210-111880	1985-01-04	39.00	21.811	7.853	0.693	0.760	6.840	0.418	13.293	1.280	8.5
SE582210-111880	1985-01-05	0.00	20.654	8.336	0.604	0.691	5.173	0.262	15.470	0.888	8.8
SE582210-111880	1985-01-05	0.25	20.654	8.336	0.604	0.691	5.173	0.262	15.470	0.888	8.8
SE582210-111880	1985-01-05	0.75	20.654	8.333	0.604	0.693	5.173	0.262	15.500	0.902	8.8
SE582210-111880	1985-01-05	1.25	20.655	8.331	0.604	0.693	5.175	0.262	15.496	0.903	8.8
SE582210-111880	1985-01-05	1.75	20.656	8.330	0.604	0.693	5.177	0.262	15.492	0.904	8.8
SE582210-111880	1985-01-05	2.25	20.657	8.329	0.604	0.694	5.180	0.262	15.488	0.904	8.8
SE582210-111880	1985-01-05	2.75	20.658	8.327	0.604	0.694	5.182	0.263	15.485	0.905	8.8
SE582210-111880	1985-01-05	3.25	20.659	8.326	0.604	0.694	5.184	0.263	15.481	0.906	8.8
SE582210-111880	1985-01-05	3.75	20.661	8.325	0.604	0.694	5.187	0.263	15.478	0.907	8.8
SE582210-111880	1985-01-05	4.50	20.663	8.323	0.604	0.694	5.191	0.263	15.470	0.908	8.8
SE582210-111880	1985-01-05	5.50	20.668	8.319	0.605	0.694	5.202	0.264	15.455	0.911	8.8
SE582210-111880	1985-01-05	6.50	20.678	8.312	0.606	0.695	5.221	0.265	15.427	0.917	8.8
SE582210-111880	1985-01-05	7.50	20.699	8.300	0.608	0.697	5.262	0.269	15.367	0.930	8.8
SE582210-111880	1985-01-05	8.50	20.755	8.272	0.613	0.701	5.370	0.277	15.212	0.962	8.8
SE582210-111880	1985-01-05	9.50	20.913	8.203	0.628	0.712	5.673	0.299	14.771	1.055	8.8
SE582210-111880	1985-01-05	38.50	22.858	7.746	0.693	0.762	6.758	0.385	13.345	1.189	8.8
SE582210-111880	1985-01-05	39.00	22.858	7.746	0.693	0.762	6.758	0.385	13.345	1.189	8.8
SE582210-111880	1985-01-06	0.00	20.517	8.381	0.588	0.678	4.904	0.234	15.981	0.765	8.5
SE582210-111880	1985-01-06	0.25	20.517	8.381	0.588	0.678	4.904	0.234	15.981	0.765	8.5
SE582210-111880	1985-01-06	0.75	20.509	8.381	0.588	0.679	4.888	0.232	16.032	0.774	8.5
SE582210-111880	1985-01-06	1.25	20.596	8.370	0.595	0.685	5.044	0.239	15.744	0.844	8.5
SE582210-111880	1985-01-06	1.75	20.663	8.356	0.602	0.691	5.170	0.246	15.533	0.897	8.5
SE582210-111880	1985-01-06	2.25	20.714	8.340	0.607	0.695	5.270	0.253	15.383	0.932	8.5
SE582210-111880	1985-01-06	2.75	20.762	8.321	0.611	0.699	5.365	0.260	15.249	0.961	8.5
SE582210-111880	1985-01-06	3.25	20.810	8.301	0.616	0.703	5.458	0.267	15.121	0.986	8.5
SE582210-111880	1985-01-06	3.75	20.855	8.284	0.620	0.706	5.544	0.274	15.006	1.009	8.5
SE582210-111880	1985-01-06	4.50	20.900	8.267	0.624	0.709	5.629	0.280	14.889	1.033	8.5
SE582210-111880	1985-01-06	5.50	20.966	8.245	0.630	0.714	5.749	0.289	14.720	1.067	8.5
SE582210-111880	1985-01-06	6.50	21.027	8.236	0.635	0.718	5.836	0.295	14.586	1.096	8.5
SE582210-111880	1985-01-06	7.50	21.068	8.233	0.638	0.720	5.901	0.299	14.497	1.120	8.5
SE582210-111880	1985-01-06	8.50	21.097	8.236	0.640	0.722	5.946	0.301	14.440	1.139	8.5
SE582210-111880	1985-01-06	9.50	21.119	8.238	0.642	0.723	5.982	0.302	14.396	1.155	8.5
SE582210-111880	1985-01-06	38.50	24.208	7.537	0.714	0.780	7.120	0.387	12.935	1.174	8.5
SE582210-111880	1985-01-06	39.00	24.208	7.537	0.714	0.780	7.120	0.387	12.935	1.174	8.5
SE582210-111880	1985-01-07	0.00	20.500	8.348	0.588	0.676	4.939	0.229	16.004	0.749	8.6
SE582210-111880	1985-01-07	0.25	20.500	8.348	0.588	0.676	4.939	0.229	16.004	0.749	8.6
SE582210-111880	1985-01-07	0.75	20.505	8.346	0.589	0.678	4.949	0.228	16.008	0.766	8.6
SE582210-111880	1985-01-07	1.25	20.674	8.316	0.602	0.689	5.212	0.237	15.525	0.882	8.6
SE582210-111880	1985-01-07	1.75	20.817	8.293	0.614	0.699	5.452	0.248	15.131	0.984	8.6
SE582210-111880	1985-01-07	2.25	20.921	8.277	0.622	0.707	5.632	0.258	14.862	1.056	8.6
SE582210-111880	1985-01-07	2.75	20.989	8.267	0.628	0.713	5.754	0.265	14.699	1.101	8.6
SE582210-111880	1985-01-07	3.25	21.033	8.262	0.632	0.716	5.835	0.271	14.605	1.127	8.6
SE582210-111880	1985-01-07	3.75	21.065	8.253	0.635	0.719	5.888	0.275	14.533	1.143	8.6
SE582210-111880	1985-01-07	4.50	21.093	8.248	0.637	0.722	5.934	0.278	14.477	1.157	8.6
SE582210-111880	1985-01-07	5.50	21.131	8.250	0.640	0.724	5.986	0.282	14.423	1.170	8.6
SE582210-111880	1985-01-07	6.50	21.175	8.261	0.642	0.726	6.019	0.283	14.382	1.183	8.6
SE582210-111880	1985-01-07	7.50	21.210	8.279	0.642	0.727	6.046	0.284	14.358	1.196	8.6
SE582210-111880	1985-01-07	8.50	21.241	8.277	0.644	0.728	6.073	0.286	14.332	1.201	8.6
SE582210-111880	1985-01-07	9.50	21.299	8.214	0.649	0.730	6.134	0.296	14.264	1.180	8.6
SE582210-111880	1985-01-07	38.50	25.030	7.428	0.720	0.785	7.291	0.374	12.810	1.153	8.6
SE582210-111880	1985-01-07	39.00	25.030	7.428	0.720	0.785	7.291	0.374	12.810	1.153	8.6
SE582210-111880	1985-01-08	0.00	20.626	8.312	0.601	0.684	5.229	0.235	15.602	0.826	9.0
SE582210-111880	1985-01-08	0.25	20.626	8.312	0.601	0.684	5.229	0.235	15.602	0.826	9.0
SE582210-111880	1985-01-08	0.75	20.631	8.311	0.601	0.686	5.237	0.234	15.606	0.844	9.0
SE582210-111880	1985-01-08	1.25	20.780	8.298	0.610	0.695	5.428	0.236	15.240	0.946	9.0
SE582210-111880	1985-01-08	1.75	20.914	8.290	0.619	0.703	5.616	0.241	14.925	1.041	9.0
SE582210-111880	1985-01-08	2.25	21.015	8.287	0.626	0.710	5.766	0.246	14.702	1.111	9.0
SE582210-111880	1985-01-08	2.75	21.085	8.284	0.631	0.716	5.867	0.250	14.556	1.160	9.0
SE582210-111880	1985-01-08	3.25	21.134	8.281	0.635	0.720	5.936	0.254	14.465	1.190	9.0
SE582210-111880	1985-01-08	3.75	21.168	8.281	0.637	0.723	5.985	0.257	14.417	1.207	9.0
SE582210-111880	1985-01-08	4.50	21.201	8.283	0.639	0.726	6.028	0.260	14.384	1.220	9.0
SE582210-111880	1985-01-08	5.50	21.243	8.288	0.641	0.728	6.077	0.264	14.356	1.231	9.0
SE582210-111880	1985-01-08	6.50	21.310	8.267	0.645	0.731	6.118	0.269	14.307	1.221	9.0
SE582210-111880	1985-01-08	7.50	21.398	8.223	0.649	0.733	6.178	0.277	14.244	1.205	9.0
SE582210-111880	1985-01-08	8.50	21.522	8.170	0.654	0.737	6.258	0.286	14.168	1.192	9.0
SE582210-111880	1985-01-08	9.50	21.679	8.118	0.660	0.741	6.348	0.294	14.085	1.186	9.0
SE582210-111880	1985-01-08	38.50	25.536	7.372	0.720	0.788	7.391	0.360	12.802	1.131	9.0
SE582210-111880	1985-01-08	39.00	25.536	7.372	0.720	0.788	7.391	0.360	12.802	1.131	9.0
