EUCD	YYYY-MM-DD	Djup(m)	Salt (psu o/oo)	O2 (ml/l)	PO4 (µmol/l)	TotP (µmol/l)	NO3 (µmol/l)	NH4 (µmol/l)	TotN (µmol/l)	Chla (ug/l)	Siktdjup (m)
SE562000-123800	1985-01-01	0.00	20.000	8.032	0.500	0.619	3.005	0.101	18.405	0.290	6.8
SE562000-123800	1985-01-01	0.25	20.000	8.032	0.500	0.619	3.005	0.101	18.405	0.290	6.8
SE562000-123800	1985-01-01	0.75	20.000	8.030	0.500	0.621	3.005	0.101	18.433	0.295	6.8
SE562000-123800	1985-01-01	1.25	20.000	8.028	0.500	0.621	3.005	0.101	18.433	0.295	6.8
SE562000-123800	1985-01-01	1.75	20.000	8.027	0.500	0.621	3.005	0.101	18.433	0.295	6.8
SE562000-123800	1985-01-01	2.25	20.000	8.026	0.500	0.621	3.004	0.101	18.433	0.295	6.8
SE562000-123800	1985-01-01	2.75	20.000	8.026	0.500	0.621	3.004	0.101	18.433	0.295	6.8
SE562000-123800	1985-01-01	3.25	20.000	8.025	0.500	0.621	3.004	0.101	18.433	0.295	6.8
SE562000-123800	1985-01-01	3.75	20.000	8.025	0.500	0.621	3.005	0.101	18.433	0.295	6.8
SE562000-123800	1985-01-01	4.50	20.000	8.024	0.500	0.621	3.004	0.101	18.433	0.295	6.8
SE562000-123800	1985-01-01	5.50	20.000	8.023	0.500	0.621	3.005	0.101	18.433	0.295	6.8
SE562000-123800	1985-01-01	6.50	20.000	8.023	0.500	0.621	3.005	0.101	18.433	0.295	6.8
SE562000-123800	1985-01-01	7.50	20.000	8.022	0.500	0.621	3.005	0.101	18.433	0.295	6.8
SE562000-123800	1985-01-01	8.50	20.000	8.021	0.500	0.621	3.005	0.101	18.433	0.295	6.8
SE562000-123800	1985-01-01	9.50	20.000	8.021	0.500	0.621	3.005	0.101	18.433	0.295	6.8
SE562000-123800	1985-01-01	26.50	20.000	7.974	0.507	0.627	3.076	0.100	18.496	0.296	6.8
SE562000-123800	1985-01-01	27.00	20.000	7.974	0.507	0.627	3.076	0.100	18.496	0.296	6.8
SE562000-123800	1985-01-02	0.00	20.000	8.077	0.501	0.620	3.018	0.102	18.414	0.294	6.8
SE562000-123800	1985-01-02	0.25	20.000	8.077	0.501	0.620	3.018	0.102	18.414	0.294	6.8
SE562000-123800	1985-01-02	0.75	20.000	8.076	0.501	0.621	3.018	0.102	18.441	0.298	6.8
SE562000-123800	1985-01-02	1.25	20.000	8.075	0.501	0.621	3.017	0.102	18.441	0.298	6.8
SE562000-123800	1985-01-02	1.75	20.000	8.074	0.501	0.621	3.017	0.102	18.441	0.298	6.8
SE562000-123800	1985-01-02	2.25	20.000	8.073	0.501	0.621	3.017	0.102	18.441	0.298	6.8
SE562000-123800	1985-01-02	2.75	20.000	8.073	0.501	0.621	3.017	0.102	18.441	0.299	6.8
SE562000-123800	1985-01-02	3.25	20.000	8.072	0.501	0.621	3.017	0.102	18.441	0.299	6.8
SE562000-123800	1985-01-02	3.75	20.000	8.072	0.501	0.621	3.018	0.102	18.441	0.299	6.8
SE562000-123800	1985-01-02	4.50	20.000	8.072	0.501	0.621	3.017	0.102	18.441	0.299	6.8
SE562000-123800	1985-01-02	5.50	20.000	8.071	0.501	0.621	3.017	0.102	18.441	0.299	6.8
SE562000-123800	1985-01-02	6.50	20.000	8.071	0.501	0.621	3.017	0.102	18.441	0.299	6.8
SE562000-123800	1985-01-02	7.50	20.000	8.071	0.501	0.621	3.018	0.102	18.441	0.299	6.8
SE562000-123800	1985-01-02	8.50	20.000	8.070	0.501	0.621	3.018	0.102	18.441	0.299	6.8
SE562000-123800	1985-01-02	9.50	20.000	8.070	0.501	0.621	3.018	0.102	18.441	0.299	6.8
SE562000-123800	1985-01-02	26.50	20.000	8.063	0.503	0.622	3.031	0.101	18.451	0.299	6.8
SE562000-123800	1985-01-02	27.00	20.000	8.063	0.503	0.622	3.031	0.101	18.451	0.299	6.8
SE562000-123800	1985-01-03	0.00	15.731	8.045	0.662	0.760	4.210	0.406	17.991	0.704	7.4
SE562000-123800	1985-01-03	0.25	15.731	8.045	0.662	0.760	4.210	0.406	17.991	0.704	7.4
SE562000-123800	1985-01-03	0.75	15.728	8.040	0.663	0.761	4.212	0.407	18.012	0.717	7.4
SE562000-123800	1985-01-03	1.25	15.752	8.039	0.661	0.760	4.199	0.403	18.016	0.713	7.4
SE562000-123800	1985-01-03	1.75	15.790	8.037	0.658	0.758	4.179	0.398	18.022	0.707	7.4
SE562000-123800	1985-01-03	2.25	15.853	8.034	0.654	0.754	4.148	0.390	18.033	0.698	7.4
SE562000-123800	1985-01-03	2.75	15.942	8.031	0.649	0.749	4.106	0.379	18.048	0.686	7.4
SE562000-123800	1985-01-03	3.25	16.049	8.028	0.642	0.744	4.058	0.366	18.067	0.672	7.4
SE562000-123800	1985-01-03	3.75	16.391	8.024	0.623	0.728	3.921	0.330	18.121	0.632	7.4
SE562000-123800	1985-01-03	4.50	17.679	8.038	0.573	0.684	3.560	0.236	18.265	0.513	7.4
SE562000-123800	1985-01-03	5.50	18.728	8.056	0.537	0.652	3.295	0.167	18.367	0.418	7.4
SE562000-123800	1985-01-03	6.50	19.353	8.066	0.517	0.636	3.151	0.130	18.419	0.361	7.4
SE562000-123800	1985-01-03	7.50	19.692	8.070	0.508	0.628	3.081	0.113	18.441	0.330	7.4
SE562000-123800	1985-01-03	8.50	19.870	8.069	0.504	0.624	3.049	0.105	18.450	0.313	7.4
SE562000-123800	1985-01-03	9.50	19.955	8.069	0.503	0.623	3.035	0.101	18.453	0.303	7.4
SE562000-123800	1985-01-03	26.50	28.475	6.098	1.065	1.138	7.181	0.689	14.380	1.166	7.4
SE562000-123800	1985-01-03	27.00	28.475	6.098	1.065	1.138	7.181	0.689	14.380	1.166	7.4
SE562000-123800	1985-01-04	0.00	17.193	8.319	0.623	0.727	3.989	0.316	18.135	0.641	7.2
SE562000-123800	1985-01-04	0.25	17.193	8.319	0.623	0.727	3.989	0.316	18.135	0.641	7.2
SE562000-123800	1985-01-04	0.75	17.193	8.315	0.623	0.728	3.989	0.316	18.160	0.651	7.2
SE562000-123800	1985-01-04	1.25	17.194	8.313	0.623	0.728	3.987	0.316	18.160	0.651	7.2
SE562000-123800	1985-01-04	1.75	17.195	8.311	0.623	0.728	3.986	0.315	18.159	0.651	7.2
SE562000-123800	1985-01-04	2.25	17.197	8.310	0.623	0.728	3.984	0.315	18.159	0.650	7.2
SE562000-123800	1985-01-04	2.75	17.198	8.309	0.622	0.728	3.983	0.315	18.159	0.650	7.2
SE562000-123800	1985-01-04	3.25	17.200	8.307	0.622	0.728	3.981	0.314	18.159	0.650	7.2
SE562000-123800	1985-01-04	3.75	17.202	8.306	0.622	0.727	3.980	0.314	18.160	0.649	7.2
SE562000-123800	1985-01-04	4.50	17.208	8.303	0.622	0.727	3.976	0.313	18.160	0.648	7.2
SE562000-123800	1985-01-04	5.50	17.228	8.295	0.620	0.726	3.965	0.311	18.162	0.645	7.2
SE562000-123800	1985-01-04	6.50	17.300	8.280	0.617	0.723	3.933	0.304	18.169	0.635	7.2
SE562000-123800	1985-01-04	7.50	17.502	8.253	0.608	0.715	3.858	0.287	18.191	0.610	7.2
SE562000-123800	1985-01-04	8.50	17.746	8.223	0.597	0.705	3.770	0.267	18.218	0.579	7.2
SE562000-123800	1985-01-04	9.50	18.369	8.171	0.571	0.683	3.566	0.220	18.288	0.502	7.2
SE562000-123800	1985-01-04	26.50	29.616	5.798	1.152	1.218	7.894	0.742	14.047	1.237	7.2
SE562000-123800	1985-01-04	27.00	29.616	5.798	1.152	1.218	7.894	0.742	14.047	1.237	7.2
SE562000-123800	1985-01-05	0.00	17.822	8.446	0.617	0.722	3.997	0.290	18.173	0.621	7.2
SE562000-123800	1985-01-05	0.25	17.822	8.446	0.617	0.722	3.997	0.290	18.173	0.621	7.2
SE562000-123800	1985-01-05	0.75	17.822	8.442	0.617	0.724	3.997	0.290	18.200	0.631	7.2
SE562000-123800	1985-01-05	1.25	17.823	8.441	0.617	0.723	3.995	0.290	18.200	0.631	7.2
SE562000-123800	1985-01-05	1.75	17.824	8.440	0.616	0.723	3.993	0.290	18.200	0.631	7.2
SE562000-123800	1985-01-05	2.25	17.825	8.439	0.616	0.723	3.992	0.289	18.200	0.630	7.2
SE562000-123800	1985-01-05	2.75	17.825	8.438	0.616	0.723	3.991	0.289	18.200	0.630	7.2
SE562000-123800	1985-01-05	3.25	17.826	8.438	0.616	0.723	3.990	0.289	18.200	0.630	7.2
SE562000-123800	1985-01-05	3.75	17.826	8.437	0.616	0.723	3.989	0.289	18.200	0.630	7.2
SE562000-123800	1985-01-05	4.50	17.827	8.436	0.616	0.723	3.988	0.289	18.200	0.629	7.2
SE562000-123800	1985-01-05	5.50	17.829	8.435	0.616	0.723	3.986	0.288	18.200	0.629	7.2
SE562000-123800	1985-01-05	6.50	17.830	8.434	0.616	0.723	3.985	0.288	18.200	0.628	7.2
SE562000-123800	1985-01-05	7.50	17.833	8.432	0.615	0.722	3.983	0.288	18.201	0.628	7.2
SE562000-123800	1985-01-05	8.50	17.836	8.430	0.615	0.722	3.981	0.287	18.201	0.627	7.2
SE562000-123800	1985-01-05	9.50	17.841	8.427	0.615	0.722	3.977	0.287	18.201	0.626	7.2
SE562000-123800	1985-01-05	26.50	30.139	5.636	1.197	1.260	8.289	0.745	14.104	1.233	7.2
SE562000-123800	1985-01-05	27.00	30.139	5.636	1.197	1.260	8.289	0.745	14.104	1.233	7.2
SE562000-123800	1985-01-06	0.00	17.666	8.461	0.658	0.758	4.381	0.344	18.119	0.734	7.3
SE562000-123800	1985-01-06	0.25	17.666	8.461	0.658	0.758	4.381	0.344	18.119	0.734	7.3
SE562000-123800	1985-01-06	0.75	17.664	8.460	0.658	0.760	4.383	0.344	18.145	0.747	7.3
SE562000-123800	1985-01-06	1.25	17.674	8.463	0.656	0.759	4.368	0.341	18.146	0.743	7.3
SE562000-123800	1985-01-06	1.75	17.685	8.466	0.654	0.757	4.350	0.338	18.147	0.739	7.3
SE562000-123800	1985-01-06	2.25	17.698	8.469	0.652	0.755	4.329	0.333	18.148	0.735	7.3
SE562000-123800	1985-01-06	2.75	17.712	8.473	0.649	0.753	4.305	0.329	18.151	0.730	7.3
SE562000-123800	1985-01-06	3.25	17.728	8.477	0.647	0.750	4.279	0.324	18.154	0.725	7.3
SE562000-123800	1985-01-06	3.75	17.744	8.481	0.643	0.748	4.251	0.318	18.158	0.719	7.3
SE562000-123800	1985-01-06	4.50	17.766	8.487	0.639	0.744	4.212	0.311	18.163	0.711	7.3
SE562000-123800	1985-01-06	5.50	17.784	8.490	0.636	0.741	4.181	0.305	18.167	0.705	7.3
SE562000-123800	1985-01-06	6.50	17.796	8.492	0.633	0.739	4.159	0.301	18.171	0.699	7.3
SE562000-123800	1985-01-06	7.50	17.803	8.492	0.632	0.738	4.146	0.299	18.173	0.696	7.3
SE562000-123800	1985-01-06	8.50	17.810	8.490	0.631	0.737	4.134	0.297	18.176	0.692	7.3
SE562000-123800	1985-01-06	9.50	17.827	8.485	0.629	0.736	4.120	0.295	18.176	0.684	7.3
SE562000-123800	1985-01-06	26.50	30.327	5.552	1.220	1.282	8.534	0.725	14.306	1.200	7.3
SE562000-123800	1985-01-06	27.00	30.327	5.552	1.220	1.282	8.534	0.725	14.306	1.200	7.3
SE562000-123800	1985-01-07	0.00	16.774	8.285	0.798	0.878	5.598	0.551	17.991	1.030	7.9
SE562000-123800	1985-01-07	0.25	16.774	8.285	0.798	0.878	5.598	0.551	17.991	1.030	7.9
SE562000-123800	1985-01-07	0.75	16.756	8.285	0.801	0.883	5.620	0.551	18.016	1.060	7.9
SE562000-123800	1985-01-07	1.25	16.983	8.318	0.765	0.853	5.302	0.490	18.039	1.011	7.9
SE562000-123800	1985-01-07	1.75	17.201	8.357	0.731	0.824	5.006	0.434	18.065	0.956	7.9
SE562000-123800	1985-01-07	2.25	17.382	8.395	0.702	0.799	4.760	0.388	18.088	0.905	7.9
SE562000-123800	1985-01-07	2.75	17.515	8.425	0.681	0.781	4.576	0.354	18.105	0.863	7.9
SE562000-123800	1985-01-07	3.25	17.604	8.447	0.666	0.768	4.448	0.332	18.118	0.830	7.9
SE562000-123800	1985-01-07	3.75	17.661	8.462	0.656	0.760	4.364	0.317	18.129	0.806	7.9
SE562000-123800	1985-01-07	4.50	17.713	8.476	0.647	0.752	4.282	0.304	18.143	0.777	7.9
SE562000-123800	1985-01-07	5.50	17.747	8.484	0.641	0.747	4.228	0.296	18.155	0.754	7.9
SE562000-123800	1985-01-07	6.50	17.773	8.488	0.636	0.743	4.188	0.291	18.165	0.733	7.9
SE562000-123800	1985-01-07	7.50	17.794	8.489	0.633	0.740	4.159	0.288	18.173	0.715	7.9
SE562000-123800	1985-01-07	8.50	17.825	8.481	0.631	0.738	4.139	0.286	18.175	0.697	7.9
SE562000-123800	1985-01-07	9.50	17.941	8.443	0.630	0.738	4.127	0.284	18.157	0.673	7.9
SE562000-123800	1985-01-07	26.50	30.375	5.504	1.233	1.297	8.717	0.699	14.538	1.157	7.9
SE562000-123800	1985-01-07	27.00	30.375	5.504	1.233	1.297	8.717	0.699	14.538	1.157	7.9
SE562000-123800	1985-01-08	0.00	16.566	8.329	0.832	0.909	6.009	0.580	18.103	1.117	8.0
SE562000-123800	1985-01-08	0.25	16.566	8.329	0.832	0.909	6.009	0.580	18.103	1.117	8.0
SE562000-123800	1985-01-08	0.75	16.559	8.329	0.833	0.912	6.016	0.579	18.133	1.140	8.0
SE562000-123800	1985-01-08	1.25	16.677	8.329	0.813	0.895	5.800	0.537	18.078	1.134	8.0
SE562000-123800	1985-01-08	1.75	16.802	8.334	0.791	0.878	5.588	0.498	18.055	1.118	8.0
SE562000-123800	1985-01-08	2.25	16.944	8.346	0.768	0.858	5.368	0.460	18.050	1.090	8.0
SE562000-123800	1985-01-08	2.75	17.093	8.364	0.745	0.838	5.150	0.423	18.056	1.055	8.0
SE562000-123800	1985-01-08	3.25	17.238	8.385	0.722	0.819	4.945	0.389	18.068	1.014	8.0
SE562000-123800	1985-01-08	3.75	17.369	8.407	0.701	0.801	4.763	0.359	18.082	0.972	8.0
SE562000-123800	1985-01-08	4.50	17.534	8.439	0.675	0.778	4.530	0.322	18.104	0.908	8.0
SE562000-123800	1985-01-08	5.50	17.649	8.463	0.656	0.762	4.363	0.298	18.123	0.849	8.0
SE562000-123800	1985-01-08	6.50	17.721	8.477	0.644	0.751	4.259	0.284	18.139	0.801	8.0
SE562000-123800	1985-01-08	7.50	17.773	8.481	0.637	0.745	4.196	0.278	18.153	0.759	8.0
SE562000-123800	1985-01-08	8.50	17.845	8.466	0.633	0.741	4.160	0.275	18.156	0.720	8.0
SE562000-123800	1985-01-08	9.50	18.085	8.393	0.635	0.743	4.159	0.275	18.112	0.679	8.0
SE562000-123800	1985-01-08	26.50	30.381	5.475	1.240	1.309	8.877	0.669	14.780	1.115	8.0
SE562000-123800	1985-01-08	27.00	30.381	5.475	1.240	1.309	8.877	0.669	14.780	1.115	8.0
